3524
2897
16455
252
7367
903
5329
427
16947
3864
9041
14486
15815
7825
8077
5076
13901
8245
3733
2531
8093
5605
10742
1299
6224
2090
16940
1032
14018
14826
18318
10526
11940
16531
14082
5038
10689
13754
10966
12976
15514
4552
2209
12269
6263
5260
17524
2147
9878
10429
4484
16923
18186
6589
6600
8667
8165
7842
14519
108
17347
12352
8256
17779
2426
2914
6961
4972
1488
235
6701
15284
12311
12643
7926
15868
15887
16288
3031
15778
5982
15587
11225
10087
928
17192
18416
2257
16808
14653
9724
16987
17914
7448
9200
11471
6663
16686
1763
17474
13630
4459
16725
2000
15534
18336
7986
14779
232
225
13685
3694
8428
7321
10962
8891
2125
5335
10001
3894
1422
12208
485
419
7472
17069
14996
9071
9692
1885
6268
649
8948
15612
18115
16090
8451
8836
5981
7234
9176
9270
18319
4413
5101
16569
7148
13544
17316
13735
8771
15653
1412
1261
4453
2738
11488
7486
2690
14280
4262
14495
9027
16681
12728
12138
10473
6190
4049
9384
6185
3805
4047
2552
6565
15518
12213
15138
6861
10264
15757
9402
501
18145
13110
14333
15774
9344
14232
16504
4205
12156
7835
11335
5911
9888
3106
2365
9506
5943
14565
12753
14336
2513
13978
3608
14227
312
3128
14971
5745
8625
344
7146
11554
17748
14889
8954
13026
4939
116
8061
492
15085
14794
15829
3891
3974
3637
387
7708
413
1339
16524
7222
17551
2574
1737
6975
14726
237
2159
5926
869
9661
18183
11152
15781
1279
1706
18058
9034
8715
11427
2898
17930
15532
11574
8586
8797
7135
15825
6135
294
8580
5598
931
2095
12427
12449
3810
10864
16128
18103
12919
13229
10396
6082
7887
6338
10788
10089
9583
14538
10160
5770
3357
11369
14656
379
11716
8472
7951
944
12568
8605
11701
14729
7882
17567
4563
8048
13950
6576
4274
3063
14283
16818
7376
17539
1956
7636
6444
18006
6659
17114
15858
16245
8018
11784
14063
14632
9511
12920
113
17280
9520
17924
13866
10870
12998
3256
12514
15918
5663
16138
13956
408
11362
12140
3841
6441
2828
2444
15782
16529
11698
5766
3806
11727
14381
12903
17525
7570
11850
5116
5446
4949
3921
5117
13216
8351
13447
4526
14135
7358
8398
8241
1376
1631
7937
13255
246
16946
16657
2113
290
13056
13165
17115
5634
7197
365
10613
10932
11324
13131
7353
12224
11316
5923
17946
5846
2865
4898
10077
5165
164
5564
1394
15512
7315
15813
11302
3768
14295
10659
16467
4674
3176
9095
12701
18168
16627
4462
7756
7580
7607
12498
7650
3125
11039
1593
3967
4050
3647
3925
14386
14494
13589
12803
1566
9355
1177
8133
11602
14479
11912
1674
12005
7111
1324
12070
6736
15928
14293
488
14350
3829
8012
12657
18267
18204
86
10669
17272
6184
803
17465
15751
1592
15400
12829
16390
11182
7583
10828
11807
14092
10464
4808
12361
428
15246
3467
5337
1445
1341
6168
12893
12980
8716
12052
2052
3291
5393
11761
3740
2930
105
8690
12375
1476
12988
6048
5303
5975
5719
3705
10244
14576
10652
18355
4104
84
10630
16441
11905
12225
16298
15609
1169
5300
8373
17572
8766
17013
14052
2009
1375
17755
1217
11109
14468
18408
10263
7469
8870
17514
16218
16899
14008
1345
15269
5952
16750
13224
12724
13362
6458
10103
12546
16047
4645
4534
10290
935
3250
13936
15999
15173
11869
2339
4366
8860
8385
13316
1087
275
14019
17165
3723
3672
9729
14226
12900
2221
9747
14275
8608
6833
9679
14122
3830
17268
6914
3126
4513
2396
18218
7767
8800
3358
6349
6336
14769
2816
17234
16640
9530
4852
979
5959
5108
18256
11646
16305
9768
16280
17104
1275
17575
7430
8627
16492
6629
16983
5287
9810
17977
6640
9818
17416
10096
9913
14989
3621
1937
1338
15330
1755
8539
6285
2171
16447
9875
10198
2977
3039
14572
16659
16901
2442
9349
11442
4597
4253
647
4775
18235
368
9075
2177
16210
11478
3183
17837
6639
11666
15058
2590
3377
13030
5905
2356
4032
6638
12488
17265
18295
15569
1510
15068
5
15039
2843
17832
3963
13053
13200
1745
14328
14549
15463
10711
2424
363
5380
8638
16704
9906
13076
1545
4076
15632
13695
2654
14296
15299
14093
8466
2392
14529
10193
11599
11764
15401
11965
5942
9708
1980
2006
3900
11370
5906
13525
5474
11711
2180
9597
15788
1834
1557
8911
4895
16135
18465
3112
3330
16146
3587
7900
2300
13955
7444
12767
4395
8141
1874
9627
2144
3429
7535
8266
3987
2249
1146
14036
2979
15879
3581
11075
6341
14017
960
2360
16844
12707
9614
17172
896
898
14195
12831
12524
4560
9257
2943
10460
5455
8047
1443
11380
5833
3803
14991
9393
5962
6468
7214
4582
6981
15365
3341
13576
9021
14420
2023
11145
13343
17195
3010
11952
8273
17408
17908
5677
15943
114
3774
6690
2480
5275
12104
3314
18360
1320
8583
3169
12578
8607
6605
10601
3372
6479
12793
15768
2855
10650
1582
13191
3173
806
12597
9427
12389
2534
11834
10390
13518
4002
6512
5531
10639
8826
8394
12899
6514
8847
11375
11518
17698
11049
8935
14925
167
5569
2456
3342
11277
69
14158
7511
9308
8636
7478
6820
5487
13000
5062
17120
5023
13040
14274
8567
6863
17882
9020
919
10317
7596
12105
3196
6746
15724
17613
3269
12996
7420
16885
12410
3224
14723
16058
8721
2359
12997
16203
1121
17509
16527
11294
7552
2232
7652
13315
11482
14614
16433
6794
14299
4458
1748
9030
4807
14718
2618
1036
7955
2379
10537
17070
1549
11450
13307
3777
11060
9954
837
8212
18217
17548
2950
1021
17636
7026
5799
14959
8199
10522
5727
12875
7129
4908
13541
6866
7510
4270
2053
4394
17232
11278
14697
14574
14032
6499
2386
4101
6808
788
9044
15129
4867
16536
3594
16404
5447
17568
3306
2152
3648
12898
7471
16930
10853
4439
13410
1691
5755
16732
17986
10433
6010
6006
18215
12945
4487
4730
3103
2294
17846
8631
3003
9133
4891
4882
6647
16975
9793
9061
5236
10914
3480
5969
4444
10304
17506
18431
8846
17522
8746
12518
5972
7320
154
13061
14229
16954
445
16223
3027
7527
9860
7294
716
8257
7513
2362
10376
14368
6696
6691
1192
2606
11420
17444
7267
12572
222
16920
17175
14391
223
17330
15516
12557
734
2112
17680
15493
10394
18324
6143
7324
13111
17717
14916
18304
16571
14461
9949
17014
12407
1517
4864
7978
2859
6282
8634
4760
5460
4876
6673
3798
3795
14314
10867
17387
9844
14607
14264
14693
7105
12177
16539
5565
12006
412
4355
10425
17439
12169
1963
14317
1697
8657
18326
3366
8713
7044
9849
3896
10339
4052
8415
6963
15592
5871
15866
7839
1173
2888
2088
3217
7587
12497
5817
16604
14816
3489
2459
4883
14909
12475
15496
11647
10436
6478
15174
16359
15
9824
7981
15115
8343
18099
17299
16720
10977
2238
15585
8469
8909
15280
1004
10007
14645
14593
11822
12616
2139
15397
2970
12128
8475
13509
12551
4232
10581
9534
3969
6664
16798
7297
592
15845
9548
13699
12608
13841
17794
17731
11119
9744
2981
207
10446
369
17582
15944
12781
5584
11512
5958
8543
17464
8876
9510
7979
12892
8940
11939
3478
6913
3544
13615
3753
523
9988
15655
1188
11994
12173
3268
17151
5318
11168
239
7706
4541
11218
12525
6272
18424
13998
15684
5481
6546
9960
9786
10835
1938
11339
11906
1397
16710
5061
1814
966
6152
6261
4596
17489
7910
18187
7992
6674
6836
10354
9073
14161
11425
2772
11322
15110
14136
433
3491
8194
5107
7874
4096
18330
4393
10629
15600
3350
16797
5173
11229
11507
2688
12786
18234
13759
11718
509
7872
14928
12018
11458
10137
15319
3607
11101
969
954
12091
1879
17060
6675
17149
12887
9380
4986
8866
5797
3821
14936
11439
752
2623
6573
7495
5352
12506
2505
2671
2096
6992
4887
11636
2192
16258
13113
15448
4169
11150
13874
7768
5660
2162
9648
17639
6740
6383
13879
10266
8136
3816
2872
9070
1474
2435
748
16295
12308
4508
1624
5787
18166
13457
7496
9533
14369
12792
1614
15740
6058
10053
3919
17428
3359
14640
8291
5320
5714
17732
8517
8664
6133
9303
7298
17204
13157
79
2040
4499
18272
10080
2765
9632
12076
13590
3512
989
12456
9008
8719
14592
9347
9978
16813
7310
8706
3932
6548
17850
9180
8462
6074
1630
6756
11099
17320
17171
13820
11643
17783
4465
18357
3339
16789
14811
5960
1139
2974
11224
6549
18146
572
17301
5590
4494
15056
10793
7921
4080
13180
11255
15195
12349
10415
10129
12315
11510
10583
3320
323
5624
16528
14400
583
18130
9484
9346
11284
4837
14852
1608
615
5394
3677
10497
11377
8362
12611
8225
7740
15622
11610
11260
13451
16805
9338
9102
11050
11634
1305
4199
10176
7118
13050
15505
5705
8888
16385
781
14616
10585
13687
13965
7108
17440
12489
13665
900
3557
11732
13902
9662
5045
11481
9331
11812
16307
994
7640
3511
3725
7242
12395
2384
1961
4268
4350
11881
6621
60
8903
4144
2312
1210
10905
9501
1848
13103
4727
7809
3382
14364
10876
9808
17309
484
1629
9984
10675
13271
15193
6488
3761
4961
15301
14057
9288
18413
13414
6951
13182
8221
14621
3497
5782
4161
5471
18280
11174
9404
2807
17103
12853
12196
16214
17456
12609
7534
871
15831
11424
10029
15395
16386
5526
17800
15538
18040
4559
13664
5804
14780
5897
11253
9551
9381
3451
1487
8252
8444
6526
10281
11954
16339
14547
6278
4715
16443
4311
13835
15429
13960
14730
16891
11861
9684
17338
4724
78
5990
14505
17339
8122
11296
18072
16088
9587
7052
2576
17969
15619
16556
2830
123
16937
5031
2099
12695
3005
676
8399
6553
6948
17630
5865
14270
13875
3658
14569
5238
4530
12301
668
4025
7571
1746
21
17219
3935
11781
414
11880
3368
14744
5764
4190
18155
15742
3462
14855
8661
15109
11544
12877
16579
18176
13067
5420
15142
431
14872
18174
13634
4397
10635
6495
12588
10662
14033
11070
8837
7412
386
18241
17956
12888
8126
8458
15833
6033
4651
5372
5609
4794
2261
8832
6798
11274
18311
3460
16685
13670
7464
984
6887
4111
13390
9002
9086
12570
12681
13564
11107
16820
2538
10763
843
8872
15250
829
4291
1150
16365
13454
12045
1417
10668
8512
11211
14644
12432
8882
10671
10138
16043
9910
3965
6676
12120
1743
5823
9554
12481
7876
14952
3300
4568
11678
10026
12897
14262
15379
10314
14022
2572
7335
14679
4664
15958
6572
17390
11464
3002
17488
5428
12383
13160
8407
2701
15292
10310
13952
10410
6949
18125
13807
4594
2477
18433
5175
8088
2132
6958
17283
10392
1776
5786
12885
345
7905
12028
3971
15206
3522
450
2823
10955
10879
14760
10602
12687
8525
11017
15168
14624
7537
3257
968
9898
2577
8480
6710
14695
1167
4474
844
12894
1496
12806
8340
11412
12273
16853
17963
14072
14525
5174
5925
15378
14871
2422
17367
776
13326
2408
18374
16340
1756
7664
5936
12368
15200
6043
4406
12704
15961
4177
6067
13003
2537
3218
4112
8402
10082
14684
1636
2973
13622
14655
11897
10934
4043
14361
13706
12285
8491
10715
16786
3295
7010
10920
10130
14294
16233
3572
15461
230
17949
3417
11677
14235
14741
13497
16345
15892
11562
4576
9787
1084
7406
2133
255
5690
11434
13961
3575
2317
14219
10627
10774
11121
3545
358
4616
1902
1123
4994
14282
9652
5866
9475
4468
5152
5941
8925
16336
2726
258
12110
2290
4732
693
10656
5120
18259
16202
14951
17435
2042
1978
7375
4695
17376
3433
2773
15560
16816
1565
2224
3950
3669
5142
329
17413
574
328
18463
3872
1438
16783
45
11528
16073
8441
16666
1111
2750
12882
1256
4378
17189
14836
5270
14383
8348
11132
799
13958
12374
16255
15262
6085
2775
15140
13016
4624
1098
11354
5489
851
6679
5476
12761
11563
4585
14457
9732
7920
15950
14345
5858
7014
15434
15834
9150
13628
7236
14143
2542
930
14749
13863
18394
14922
5099
5358
18438
16521
526
3679
15453
8620
17493
16461
13413
15811
10443
13757
5132
367
8722
12059
2161
8411
9286
2620
18294
601
8773
8662
11837
6923
7095
5088
9258
13290
13347
2344
11234
1008
10458
3055
1739
14303
4542
467
5177
12737
17138
5734
10723
3133
4301
12594
6907
12286
10593
14105
13698
2207
11012
15882
1854
11793
6089
1002
12289
15137
14927
11791
7247
18003
8285
3483
16154
12943
9552
9403
3274
13329
2696
11280
6390
12082
12542
13985
1935
11491
11531
9659
20
10279
5439
1859
14845
10368
5100
3960
14764
7195
11198
2715
27
16849
1527
4920
6547
14987
6590
11325
6648
8172
6217
7185
18094
10213
2413
10375
16424
7288
13288
18274
486
3292
10865
15411
6148
2924
17617
5346
13568
9175
15515
1653
15973
10565
2560
9375
6451
13135
300
6765
13046
11379
14643
15646
3138
14111
12946
10276
9036
17129
6983
2954
14930
2048
853
9713
17068
13774
13632
5454
656
9871
6578
6090
4315
791
11929
16986
18399
9855
15974
8858
15019
11890
16484
921
16023
13787
14085
16387
14786
6728
11767
13651
5252
5724
12385
6400
10544
14628
12371
4146
441
12802
7477
6274
692
142
14589
4312
13122
9474
7957
15052
3471
7769
14512
18196
9062
1335
17713
1160
2603
8734
1307
2415
13607
14755
10099
12960
3273
2656
8087
1994
16630
6275
12327
5079
14581
5248
14634
17570
16030
1871
2281
6105
1212
1442
13397
18098
17415
10777
14902
5057
14962
857
14220
18261
1987
8623
7858
14720
15945
16872
3399
14751
14868
1882
1507
18277
16598
5413
1589
6727
5392
2372
17401
14225
14202
18022
3734
13947
8515
9456
9801
12381
2104
1692
8750
16403
7841
12429
6241
9643
8293
17709
11127
12928
14507
14366
12358
6162
7370
10949
14586
11359
2662
16526
17293
8805
12827
11513
11062
2714
16399
2001
1197
4855
16967
303
11014
16945
1186
1325
4014
16724
628
8723
4551
4346
12691
12117
4716
1798
12274
11156
7909
2905
15391
16120
9312
8893
7069
3385
13476
3297
2380
4015
1334
14444
9446
4436
12209
1622
15559
18332
14979
18339
14211
13146
7737
16566
5465
14692
5726
2438
6470
6384
9406
8259
11499
9197
10739
3847
6412
6472
7163
12865
16751
12445
2474
12558
3136
17259
6759
15369
7862
15775
10501
6173
18026
17041
7851
8991
11038
3206
2523
3230
18425
5567
9756
17703
4897
17045
16748
2098
4342
4018
6535
9900
11346
1231
4235
4524
2957
9785
14717
10575
513
9979
1255
17958
9310
1514
14865
14374
18449
6538
1034
6318
4725
4692
13869
5400
5233
15086
14257
13575
13245
11219
6632
13558
11237
18105
9043
5892
1464
90
4320
7088
2117
3260
1479
12353
14253
2495
16653
14900
14165
5812
9965
8913
15082
2455
8233
4396
8962
11180
16098
8701
11027
15948
3083
4019
16575
1406
10933
8371
9525
7303
15386
10349
9262
730
2597
9391
4523
11747
11763
8305
4717
18061
4088
11475
12826
18126
571
13721
16793
7395
5744
8313
11723
9622
6418
17424
13173
1914
12697
5223
7790
9145
3396
2434
12517
14276
18440
4757
11665
8325
18180
260
1519
15666
16397
15229
2287
9488
9351
12647
7572
7806
13018
13858
13636
6061
11566
15272
1520
14024
14864
18046
9842
13078
16102
6556
14627
15754
2476
8416
13354
3058
3057
595
2580
7029
7755
506
13908
2517
7972
10701
6405
12095
12902
10622
1747
12662
11511
9728
6023
11847
1964
1001
11428
482
1418
10132
10495
15289
6742
18002
13223
3066
15253
12862
6785
2183
10855
14119
832
5077
1321
18351
13370
6517
3940
7665
6475
2305
15511
4160
15106
17384
4265
161
9035
11288
7662
52
7476
16147
11221
11010
15469
8829
2666
16042
5348
8862
15349
6356
13984
4004
1946
6934
7206
13007
15541
17023
9158
8218
6579
6345
10834
10963
4677
16676
11545
2378
6543
1661
1102
16361
6874
5763
1682
16423
7006
1985
5648
18201
3172
4282
13475
5568
15929
11153
12063
9994
17854
17000
17994
1793
15326
10980
860
13437
16644
10439
8694
15436
18122
9031
3130
8007
13692
10328
13188
6617
7161
16948
10748
3737
980
11884
1011
16165
17042
547
8883
1931
3712
6239
16279
9263
5617
9025
6245
10208
3040
9012
35
7180
17237
5788
13114
1471
5873
3194
14035
6230
2846
14372
3156
7901
2200
6432
11754
5137
4673
9345
3684
17801
17605
4492
12347
15105
933
17100
14210
5421
9004
10862
9835
2727
3642
3043
11508
631
8812
1414
11941
12682
58
11349
15144
13608
14112
5178
16551
18120
13486
16048
7305
9217
18380
10322
3090
6717
15997
1490
10520
13684
12415
3569
15964
4303
16045
11695
12769
10720
1155
802
3289
13788
18317
792
5843
9820
16082
11788
12748
11686
7958
17061
18417
2296
11661
14151
13285
7451
5600
10587
160
7774
1952
15083
3017
7150
6926
7485
5636
3612
10782
10261
17441
11429
17450
17935
13202
13242
17412
2528
5701
17364
1459
7950
16319
15324
7065
454
18051
13181
2584
880
17769
14948
8676
10059
17710
7227
6551
13917
7038
9999
424
1627
17231
12852
249
6319
9255
373
13641
4435
13460
14893
1829
2074
4630
9537
2017
25
7368
6164
18118
18082
10479
1908
2254
14240
3822
6088
8714
10364
16217
952
7250
7800
13633
13785
16693
11361
2875
5685
8564
12577
7524
11387
7597
13553
14859
13273
14958
8166
17422
5341
8648
11194
12000
7002
9099
12030
7433
13703
9253
4061
1725
6725
10258
861
7229
1246
9958
11360
6748
9409
3210
4211
7018
10952
6253
1547
6562
12115
5135
13458
14353
18016
9097
9629
13839
16543
15575
4873
9033
14857
7781
560
7443
16472
7939
16830
1705
4239
11023
7366
3678
12909
4652
8673
9161
7721
14867
15121
5163
5870
18158
6819
6492
12051
2212
5333
9800
6376
15415
14646
12754
11785
6614
18320
3876
4969
8551
14091
9013
7531
4575
14838
14887
2723
7720
4702
361
17879
1019
14255
14883
16819
14473
6422
4965
4689
5027
420
11516
15805
15787
12002
8103
7339
4081
6824
11208
3704
7137
4001
10758
6231
6908
5694
5616
15588
5776
593
6714
1497
11766
14686
12053
9647
102
10247
3620
2428
7659
12843
15767
13918
10356
14054
895
9635
15865
15714
215
3794
14318
2284
6977
14791
10331
5810
18117
15405
15947
7589
7491
6079
8113
15614
10327
1522
10936
17929
17746
8985
1544
14531
3242
15608
940
8384
7120
12579
15891
9719
6490
14354
13452
12788
12585
9841
18037
1226
11016
10432
15621
16421
10141
11864
8017
14197
12612
14650
31
16602
16680
7772
8577
12653
18321
7779
4164
3161
2938
2298
5591
6271
11033
13409
710
11762
15665
14803
2508
10218
8621
16204
13619
7483
10010
15759
10167
13516
7078
6049
2060
1462
5920
6625
9462
3024
14169
2966
17136
16696
13190
5349
15442
12170
5347
9060
6254
297
2016
1198
4289
1165
1387
5397
11363
5462
4707
14639
17481
13420
11281
5284
1448
13751
13862
15812
11334
18052
8274
2108
17250
5551
5570
3216
6091
17932
3232
16032
15410
14010
8355
15236
13266
12108
42
9568
9439
4314
7785
3069
14873
10508
17543
12121
754
13366
15479
5533
11328
5138
11476
3710
14955
415
12634
1503
13623
7399
7542
117
11301
2615
8736
12096
3215
11138
2286
5644
11609
13592
3335
13057
7667
15362
9843
15590
4631
18461
3530
1433
913
10068
11877
5977
3428
11653
3116
4364
15377
8434
15607
3535
18182
14699
14080
14429
7101
5593
5463
17373
15345
16157
588
15252
8859
2982
703
17912
15396
6521
15905
3000
7934
15188
2357
17861
6841
8857
7434
18156
11576
6427
6932
5237
5837
14044
3564
7608
15201
10340
10313
6046
2004
15005
11735
17279
16560
8370
10202
6265
17485
14986
15926
5703
12125
17862
15883
322
18244
4056
1094
14395
15876
8751
12062
17782
2157
17385
4296
2729
17349
1919
15353
17216
11022
7151
16366
11578
6811
15160
2262
11142
5283
4349
15701
1233
1600
4273
3036
618
13128
14533
15906
2504
16903
17626
3555
17723
2008
8076
13267
8361
13682
8602
10903
1355
2969
9219
1156
3590
2833
1045
2248
11669
2984
711
590
2583
18184
6320
16687
6813
14121
3850
875
8066
12460
15572
15078
4372
2674
14205
16195
15996
10259
2693
4661
11167
9564
3064
12532
8905
4988
5805
13233
3430
15190
4053
2734
1322
14860
8302
7017
1062
14115
2373
10957
2244
1866
16392
17860
5212
17655
11937
589
5697
1529
5154
6186
11386
17649
15780
16003
1434
16893
16603
13537
1564
284
16584
12299
50
349
7818
499
11305
15296
8208
17615
16196
15970
794
17989
694
3164
4613
15335
10611
17910
14777
7405
4441
6229
6518
15389
4756
12103
11918
17552
11266
10519
1017
15727
7045
7182
13859
7795
10726
9796
9202
4512
17141
5530
14001
15233
6476
15937
7593
14496
16730
13419
94
5510
9181
1791
17810
598
5559
5024
12440
1184
9672
1668
12810
16617
14046
8156
1708
9256
10155
5594
7558
5746
4586
3015
529
14776
11594
13974
6059
16078
2310
10111
6657
12712
6039
16194
15710
4455
4016
15016
3771
13123
10092
11113
7123
2936
18137
6753
24
3464
5188
2381
2191
6204
1890
12941
1696
4985
12684
4173
13386
606
2628
11456
2229
7440
15911
7881
5016
11988
7235
7585
16587
17959
3849
192
3327
10931
17892
5537
10260
17633
18409
9190
10631
8717
6453
9118
214
13012
17335
8815
12186
981
11630
10762
14563
11457
4514
10054
9555
11383
17036
5272
1357
5895
10548
5608
10730
11752
15620
616
2266
6267
3652
6692
3356
17714
5003
13946
3155
7359
14445
1494
16591
11452
11908
9626
12049
1271
15837
1399
10072
8677
4901
16811
5026
7352
5542
12618
7693
10814
17927
15629
4451
6291
263
103
9675
9611
12544
16774
3842
2639
12001
13283
2800
2889
330
4037
8331
3617
15644
17706
11527
11509
2700
2923
18455
11068
6970
54
14016
17365
1540
5074
10953
11568
405
7089
4426
17684
12510
16092
9423
18108
12675
16510
15847
5187
12710
12178
5748
16701
11968
13968
3664
16861
14403
6065
12238
17629
6136
7076
2555
13099
14393
10292
122
4706
670
17981
7540
7074
12024
497
4739
4337
14188
15413
8181
16400
13249
12721
7177
12948
14597
15332
10553
11585
9087
7829
3449
13731
16225
15602
18019
12271
744
3052
7167
16261
6781
14740
824
5899
2575
12493
13049
2801
6103
836
10686
14107
15011
16980
13852
14481
3561
5232
16308
5214
12363
14508
11298
12332
1138
9493
3312
10897
2691
3141
17776
1361
1202
5114
3353
2267
7976
12003
3104
262
12905
9736
8647
7711
8852
4721
4914
18012
8810
6845
1254
15390
9058
697
6167
18405
2795
15574
7612
4907
7271
907
7
3435
3853
4802
12979
5350
9641
1532
2411
1176
17640
11327
475
15264
5578
11693
18109
16297
3812
13341
7627
10481
1526
16635
13372
7860
2679
5094
14267
13903
3904
4671
9573
14787
3906
10444
10827
16275
15949
10571
4960
9972
14753
17678
15355
12357
13178
7055
16066
10371
1303
4503
14360
2427
17903
6816
9244
2172
786
4977
11368
7879
4214
9709
8576
8976
3750
2174
12638
9166
11460
9472
6017
1707
16778
5836
7828
1117
5160
728
9225
9791
2904
1724
10951
17563
10531
7480
17480
15290
11659
867
121
17806
15902
1152
10454
3516
4200
13415
10756
3543
2414
3222
12575
8953
5342
7709
10787
3984
12004
14150
16266
15257
1259
11495
10790
11615
14683
13945
9715
9890
460
15793
16689
12663
8720
10065
8456
8292
2077
7462
8775
4383
17991
17158
17871
16301
9577
10212
2585
10539
6051
804
13921
5732
13994
13005
3890
11031
3945
6221
542
5199
7824
6431
15972
1704
16328
8887
17180
14414
18214
17901
15303
2718
2906
10219
11364
2809
7896
2667
1516
8814
15583
11108
14850
12530
75
11270
10405
10116
12863
2609
16869
10220
12509
397
7244
10000
2311
9916
4878
3402
12266
7922
1639
9170
17217
12366
16118
15419
6290
3496
15500
6773
12038
13367
12365
15936
13724
2992
16163
9065
14610
9504
13002
4962
10006
17380
7692
16768
5385
2761
10524
6515
18165
15537
1817
4348
14919
503
5507
18252
5285
14284
6207
17009
3028
16812
13613
179
4694
3093
12816
10442
12240
2432
12531
2879
212
4498
10110
9902
13496
846
17157
8668
10607
6144
7254
7757
8383
7602
17314
12192
2272
17134
9570
6086
10083
6570
6056
11745
3815
390
15381
18382
11040
8619
16469
17987
16586
4865
10906
16274
13174
11721
15123
8682
1941
9115
4862
6078
14530
18469
4446
11096
6232
10270
7231
16761
6724
4489
12537
3848
14884
3796
12257
15164
13335
18042
11230
16470
14301
16654
6894
2165
11825
9339
13593
4676
2928
16552
9032
18057
2633
5326
5949
17944
8111
5143
14631
13107
18189
13582
945
2277
15376
9600
9326
4431
13287
12107
18064
16377
5277
13620
11960
2742
9110
4185
13488
12632
15756
8327
13808
5208
2713
16416
13825
10983
12025
13262
16435
4305
5205
13004
6729
12573
17256
13481
6918
13710
16113
17537
11418
12340
6670
11875
1625
11523
15494
15398
15337
16796
11309
7262
15823
15650
16107
15582
16209
3994
18043
5354
9330
8430
14132
18139
1698
17431
17452
2169
5493
1388
11772
7512
4777
1680
13204
11757
10618
11808
12409
8778
10778
13010
9320
16979
8357
6989
2458
266
10637
15084
12686
17591
10904
11384
5129
4429
3598
6063
4638
6626
7228
4335
8424
11376
13119
11067
5319
6154
7855
5095
4956
7954
2066
7984
15382
15445
6201
6299
17574
3182
1750
13883
16348
13323
8287
10994
17737
8240
17843
9541
9758
782
11623
327
5230
7119
10034
14914
2234
7036
8369
8641
9210
3267
12799
16623
2097
6354
8756
9223
15112
11985
2102
855
15498
16170
14020
10532
2401
4627
6737
15465
2418
5256
13448
3832
13339
6389
6900
15561
2565
17785
8408
14209
8366
16726
911
2353
17484
16614
5425
1109
4399
4668
9651
13194
14825
4859
9074
286
14617
6377
8851
7400
7104
13309
1378
8843
7776
11485
12153
11273
3405
7968
17145
4699
17052
14685
9405
6921
9413
6358
8346
12401
13237
3466
2554
10171
17668
4604
1852
2011
11492
16342
4529
9620
13540
5581
13683
5436
296
2935
3145
9899
4578
10188
1046
126
12094
16773
6852
6116
7441
2514
11158
10004
5515
18313
4951
12526
6461
4071
1332
3139
17523
8958
9209
10170
16835
8052
10868
13752
14798
7138
11586
7789
11342
9884
8500
6971
11844
12222
8455
8884
18153
1932
2219
7573
3514
9948
1500
8700
3231
16010
2719
12442
346
9076
11336
17954
10192
10280
4236
626
3719
8380
250
6394
7880
12236
2111
5127
1808
2832
6555
5973
15079
4617
11685
8050
6840
12228
760
11915
764
2114
278
5307
7344
7277
15700
16981
15912
12339
7202
16873
4767
2810
10427
9753
15044
10724
3001
12146
15769
18154
14982
13868
14830
10283
18143
8321
13548
12306
7189
11385
6764
6494
11276
13364
9861
2770
13729
15258
14558
16418
5085
13775
12538
17662
11197
5361
3365
14827
14793
11935
2858
8217
11093
10456
17361
11090
16497
10926
15709
5367
17432
7299
17273
17483
6604
3918
15723
14183
9067
3143
8520
11876
4521
4415
3634
5475
9797
18038
245
7152
4792
9214
1658
11303
9053
9759
17336
12337
15636
18141
9222
4362
1986
13241
37
2320
16949
6386
4967
17589
2586
15822
642
8761
5228
7890
1648
5155
2039
2967
4766
13025
2452
13446
18337
9760
7803
17236
11395
964
7369
634
14596
4248
16634
3699
18284
2532
7982
206
7449
9738
13530
17161
14904
17918
15179
1013
14602
2449
2467
12068
15394
7730
16692
17656
16628
5915
18345
4388
12428
16719
16964
14437
6172
1486
3835
13963
16764
3302
4909
5080
3078
4351
2595
4365
16463
13848
7051
4646
8561
10291
14713
4421
4237
8078
1782
16074
34
4070
15126
16847
6197
14160
18441
3944
10289
17198
6022
3013
6430
4048
17507
15772
236
7694
15454
12041
2546
2081
14548
1734
2788
4271
4408
12719
10319
292
12539
10189
12220
6322
15846
10832
8975
2918
1831
16723
9460
15913
17704
14002
5653
2665
1942
11725
13569
6
6988
7011
14224
7204
17482
8695
14567
3855
16939
14231
1930
6608
6179
11765
14506
12321
10511
14203
14059
13801
11029
1372
4750
549
8002
12294
7249
12950
9593
2472
6686
15467
10676
6218
6566
8332
10755
8448
4124
936
13365
2689
6752
4849
8789
14396
7239
4128
11799
17820
1166
10358
15766
183
153
15753
11874
12253
110
8068
7821
10947
264
5602
11293
6100
347
13104
11688
10826
13891
14356
3954
17818
5673
4571
1365
13975
2199
5492
4238
9443
4611
7902
2812
13723
2215
3413
14926
8783
13524
11503
5777
18296
7225
8105
9823
10091
7660
4409
5811
9028
8718
12742
6897
7635
17721
532
1875
4915
14870
11590
18190
16871
10705
12841
12896
1323
17419
13388
2463
13001
7170
11795
14674
5052
16460
15881
12113
12439
9116
5402
2471
7798
9038
8404
3751
7794
1770
7897
10908
9112
17768
6508
13243
13127
8095
5800
7793
5105
3709
3519
14089
6831
16561
16051
14419
769
12009
7539
6166
2561
16929
16643
12457
4022
3177
1276
6818
5203
3120
13256
11222
13588
4402
2641
17063
15844
18369
1865
3576
1657
14175
9711
15689
17363
16502
13545
6295
10894
7207
7995
4698
17982
2075
3354
2777
17296
7091
11817
6423
14398
7680
5006
8198
14967
11094
16839
13071
5250
6925
11053
1489
1948
4637
11139
9630
2589
10430
16494
14156
14440
165
3361
13192
13185
11388
11984
3011
2327
9261
714
8974
6219
7845
11008
10210
2850
17475
6110
14706
6943
13570
2703
9961
2527
16705
17674
17088
1383
8388
9411
11549
3538
5355
14277
1988
14340
8055
8693
14767
1884
7592
17017
6415
1576
182
8697
12022
7847
2150
14623
18206
16067
13105
10789
2702
3721
9307
220
4302
16996
12895
2834
12074
12287
9689
17877
9029
3683
6379
111
16394
1432
16281
10610
16186
12450
14412
3975
8588
3789
9704
8499
3493
7035
15130
12840
8171
16512
13337
16231
9440
18232
4574
9682
5377
5652
355
13657
10534
17029
11046
17622
8622
4330
18361
14265
7217
15472
11399
8185
550
15908
11128
12590
9637
3707
18443
15286
3453
9686
9733
2369
10403
15835
12718
17162
10058
7215
8573
9482
9248
4598
16934
688
14401
5518
7669
8645
5191
276
3666
3336
16355
8606
2803
13253
16520
4263
7456
15920
13039
10595
15222
6624
10866
8532
8215
452
15994
15067
7139
9447
3860
742
13573
17787
17965
5028
10359
10151
9982
16250
9975
6242
10431
1960
6131
11655
8206
13403
8144
17139
1456
3571
14701
14426
3602
1467
17711
9293
1787
18163
530
15921
885
13572
2140
2084
12630
6171
14308
5288
10922
15451
15425
16149
2313
13741
1543
6397
8058
10100
11783
6706
10649
11311
2079
7423
4279
4249
7649
2932
14073
11290
18236
208
14375
17855
1742
11804
17409
7550
12790
14990
12392
8937
11863
3060
10190
5224
6450
17997
830
14228
16323
1679
18083
13957
11172
4055
9121
1567
10232
9590
8450
2866
11533
11404
6209
7142
9245
4286
1878
6487
6871
9877
2949
13579
2644
2530
11430
6783
3788
17400
13763
667
13257
16333
8169
6917
4840
11601
16708
12015
1483
784
7780
14725
10093
12158
10945
10246
17322
6889
150
14180
15741
1802
4298
4861
4313
5266
8108
10547
18442
8548
8168
3595
11480
15760
13643
14006
3931
17505
15438
6567
14487
16105
7350
3689
16733
17902
4357
2755
7057
7993
1949
873
7702
3485
8595
16063
6327
4636
6613
118
12755
188
4011
4090
7582
11552
10745
5162
3779
3348
456
4602
2292
12740
6792
14856
1824
7261
9749
12973
2202
12756
563
15826
6875
4452
18359
7564
7603
3447
2990
17532
15081
6174
7758
15441
3893
10174
15869
15924
17173
11673
9804
2421
3034
15062
356
10872
16715
9292
6891
879
11000
10538
48
9508
16942
722
3375
11502
7173
14636
5170
13933
10791
4336
15127
2510
5453
14025
3427
17728
16224
5430
6814
2457
13680
8929
5007
15730
495
9123
682
10647
14094
9414
10407
2025
6768
5798
17865
8582
4095
13660
11329
17773
6586
3767
3162
11879
39
2223
17181
17781
1315
273
6797
10899
13715
5953
16874
17224
14207
10489
10330
17191
11733
3606
10896
64
4134
16933
17007
13124
7455
1368
7683
6554
17964
10935
8420
17957
14204
1710
8179
17549
10942
14418
18021
2660
11282
1108
4293
11231
12674
11245
10334
3386
3046
2975
3203
10417
3465
2453
7208
3729
15750
7668
6196
10372
8960
11976
10525
22
6294
15457
7178
17329
10817
11983
16794
13746
5680
6704
17890
10185
7497
3239
1373
14056
10549
16290
9795
5672
3290
8635
14938
13884
10228
13904
6121
16712
4540
14137
2880
12218
9953
2593
7643
9481
7948
10991
12580
1162
295
4005
11268
14288
17609
17101
13864
4562
16625
10076
1504
10968
6462
3908
12473
16706
9300
16256
8632
2437
7357
2895
11071
4615
9677
18133
6069
3999
8688
4345
17235
14268
10714
8275
9378
4115
10236
11028
518
8507
3393
8044
15796
18457
10435
15675
4918
5716
2335
4139
12060
8438
7579
4666
10496
9147
4805
3167
14518
11081
13500
9840
16257
8737
451
18181
3114
11777
3782
11814
787
2285
6151
7154
5168
15935
12936
10802
7463
12743
6202
15975
3797
392
15166
2649
9695
3509
3992
3158
18200
16834
3643
7232
1819
11577
10754
6733
1329
13490
9563
15687
8155
15344
13907
849
6890
13802
13501
13318
15626
2637
10736
7547
4510
8368
5553
6937
14908
6324
17469
18221
2235
12729
2925
4955
13164
5898
5479
4186
15066
3749
8011
5765
5955
16222
10937
1597
9291
6380
9106
8459
10161
5249
9886
12778
17486
15682
14104
9619
438
15003
6181
15699
11148
12451
12261
9328
14438
16892
15275
3391
2321
9417
14431
8702
1086
184
13467
11558
8527
13112
7688
768
14484
12048
5619
9560
10438
13455
13602
8015
11283
14862
15282
11165
3050
8554
11505
6947
4566
4610
10069
11011
2364
14198
16678
10596
5725
3866
6264
17597
7815
11144
6258
1851
29
9750
5269
15746
10086
17397
17925
2529
4553
2208
16329
10995
6038
14474
10859
9444
468
2942
13357
15745
7873
7473
15676
2330
1845
11256
186
1066
15050
17961
15785
15830
12065
6780
11827
9426
2681
1760
16772
16480
9056
14575
7888
1588
7618
17517
13351
9584
18264
11035
13346
11917
9731
2799
4113
13661
11275
1380
12658
4359
996
15933
11483
5534
779
1778
321
6709
15863
11771
15329
14511
6070
819
11066
12275
16200
6776
12314
9234
5445
17565
10107
783
9873
11443
4964
12601
15613
8943
18160
14200
16998
7484
8873
4454
5825
16780
2448
13772
6501
14629
3070
10200
14960
14771
13809
14808
17443
16677
4131
17436
12283
14159
17784
16936
13208
16672
8822
7533
11059
18341
8729
4998
13992
16271
13631
1439
4928
16663
5068
3762
15152
10035
4443
18229
793
16178
7641
15783
3056
1229
10770
7946
16970
16995
17097
15555
17786
16608
2462
16694
12956
11061
4121
1042
9963
16151
8683
18209
2351
10169
5516
13033
3079
277
15941
16034
10142
2533
10182
7043
10477
13666
15194
5381
1018
18397
868
1897
10257
8886
9194
15885
6283
8228
6940
7220
7971
1267
2078
8898
17278
18029
16515
16476
6157
12600
16739
7196
8558
14304
4722
8
1591
10619
908
15508
1602
15420
10043
8765
8352
9920
10685
1201
1039
14768
11719
6984
16008
15393
15927
13694
6810
11638
8250
5966
18039
1863
12725
4109
4567
6731
8818
11980
6042
4854
7673
483
17690
12529
7996
12830
10651
4284
3284
11846
3646
8024
16015
6373
18233
16500
1484
11926
8540
582
12212
8615
2115
3301
17321
18113
3515
17669
14064
3237
2388
14802
6618
7718
14880
16306
9993
17562
16596
11018
15122
17202
1683
6368
16815
14458
14985
7915
1579
10325
1211
124
11006
11911
3695
14167
3622
14047
3846
13008
5932
2123
6119
15402
1273
9297
10542
1187
4605
9014
5202
13272
10911
9897
10978
16248
10796
7427
17295
18439
10812
15777
7783
4950
1077
1628
3827
8942
12492
12772
515
16928
12839
10177
9588
3623
10577
2638
17064
7576
9859
14831
12751
9438
12487
4705
17904
13806
4316
11860
11074
1751
11680
7927
3441
10206
7155
13197
12677
14899
12626
12835
3271
11886
13559
4902
13885
2947
9574
1548
6922
2072
5956
5708
3929
15357
8982
6823
17099
16554
18238
10377
5957
13594
9290
11564
6223
12629
1297
3962
7492
5683
4419
11697
7933
5181
1409
17240
13805
4382
352
10385
7816
9553
5730
8445
10987
16700
17357
18010
15563
18428
2520
1340
7190
13248
5704
17747
10849
6099
7802
8681
15642
5528
5723
5244
17988
14828
6228
478
841
15450
17909
5904
12934
6365
1727
13477
9613
12362
7117
10678
12350
9955
5613
15196
8000
16568
4428
10841
11041
18132
12042
15495
5819
16620
10109
11670
8170
6787
6955
7442
13080
1780
7940
8767
7219
9024
12180
6214
18363
10797
810
15995
8127
7989
10284
9242
14582
10286
1673
1424
12359
16821
3585
13728
1151
12621
16106
11896
3400
10028
4448
577
9964
6513
15554
4749
14822
9834
13383
4093
14907
9691
16235
4085
120
12416
3450
9739
11603
9321
18157
17147
7561
12805
1469
660
2704
331
15212
8135
15077
6661
6323
17355
1910
12823
16907
5632
7343
13075
4511
10324
1049
16020
12582
8708
3389
291
11089
6198
11540
10839
15557
10044
6353
11736
948
4621
10090
2953
8089
16352
11350
2596
5808
377
2903
5049
9666
6021
2948
1253
16094
7700
8509
16155
16952
3909
9395
2218
17016
15611
9224
6315
15096
16652
2451
6366
4327
5410
6138
17048
3597
383
5281
2526
8828
18007
16070
8823
12295
2054
12550
8039
6191
13853
9717
15553
820
14611
14090
2815
18211
14687
14523
4171
15749
7293
3537
10816
6846
15799
14896
1678
14642
15640
7822
4853
10550
17254
3743
2194
9091
2274
12234
7826
17799
10693
16314
16312
7554
17712
5914
7620
3881
10421
8594
4496
7075
2608
13612
14953
14848
14003
9172
18391
6465
13368
3278
11189
15901
15595
17767
10217
1969
13783
14945
15544
5881
4758
4323
17478
1911
2587
6774
3101
14377
14062
1131
17996
11974
6169
17119
10049
13373
15576
2675
14077
1214
9098
16337
17447
12773
643
5993
12848
3308
4979
9174
2315
13063
6528
12471
5104
7924
13924
18269
8036
14039
1895
5633
5771
534
2920
14139
13776
8752
1468
5976
8644
4904
11882
2985
15795
5889
15981
16622
17378
3432
5738
14075
15668
8669
7870
4340
707
12316
13795
13551
5124
7172
9922
599
13300
7864
10134
5538
9016
17020
6417
14761
16580
8219
14382
5373
13764
11454
332
6334
1860
14330
12106
6760
2868
15535
8064
6615
2349
15711
13079
2497
889
2631
156
10560
16496
13210
7098
12137
18278
11400
15321
17308
17650
6129
10101
8146
8547
17249
2712
18162
12081
10741
7782
2181
11833
4606
6426
14527
3045
4391
221
1028
8227
15020
17705
406
13675
1729
6649
14815
11734
1043
1646
11924
6750
564
14595
713
1349
10424
4479
2960
15540
3801
2857
7164
659
9048
14281
1861
1030
971
16071
13888
16702
9673
15673
9352
11321
9241
7233
12369
8465
11241
3095
1699
11651
15124
11560
9441
17085
10252
7481
17616
3234
12111
6407
3115
13428
16767
11291
1437
1971
16422
6974
12182
6382
14172
13920
3638
7317
6516
18053
10400
1430
2259
15294
11498
5930
10163
3970
12058
10851
17255
7704
1616
8074
859
15239
8016
11674
14434
3185
5146
16013
993
1816
9152
12962
1846
2214
2187
6524
1342
16766
350
2045
8263
13222
11212
5991
4885
15617
18092
17953
7073
12628
2946
12310
5050
9009
1122
12320
5227
712
13999
7109
12431
10126
11851
5699
17887
15547
5064
8021
7574
10149
13168
2189
18150
8562
7754
6266
9519
15804
10803
617
318
1703
4066
887
8629
10079
13827
17078
14918
9177
2124
1243
12811
13870
18112
12925
17972
4736
12787
13976
2250
13990
17978
11095
15070
4842
9887
15982
9794
9408
8523
10623
3424
3387
5686
9789
16570
2782
3065
12777
2058
3225
13716
4308
17677
5093
14942
14012
16803
10681
14247
1110
6511
12437
11392
10666
11628
7677
12637
14844
6755
17896
15327
11998
7013
822
13401
9660
1242
702
6533
15064
975
8923
5586
1825
1171
12515
16402
10878
7166
13953
16516
12798
13232
3626
14648
15100
1218
15046
2983
5615
15208
10837
15219
265
16230
5807
9445
14114
3884
3933
4125
3739
625
4084
13991
13649
5299
5480
10648
5522
13926
7908
5573
11063
10944
12795
14727
1610
13015
12221
13301
7601
2245
18210
2808
14861
18435
2173
1733
13626
3983
11843
14757
139
2814
157
5461
6799
12334
1396
4857
9687
293
10521
2767
2323
3802
3151
16655
3886
17540
1779
2170
14638
13325
3160
6986
4488
2796
5322
8069
552
2663
11706
10135
9885
4482
4778
4390
4517
11001
8840
8336
6763
10448
4427
10378
11895
11614
780
5002
12970
7830
7064
4073
11728
6025
47
9168
15993
6161
13263
432
5356
3299
12276
13766
3568
18253
12527
11468
3241
4370
15261
13951
7386
11357
12670
5109
5343
5646
10958
15231
7840
148
4481
17222
11097
1294
1669
14923
7631
10335
9813
8926
17090
3283
5524
7744
13423
973
7817
17210
12485
10002
1091
775
3416
12797
5901
15199
763
14259
12968
770
9546
15283
10492
9140
10558
13836
14423
11087
13749
11216
8209
2003
14994
4147
9769
522
6938
672
8910
4894
11534
14732
9594
9092
1158
3716
5000
3567
3599
1700
9206
5511
17467
8503
13780
5029
10985
2845
8871
15705
9665
9566
8449
15840
2673
4213
17454
3604
11612
3041
18033
7787
6796
17671
8989
6996
7042
1744
17382
4470
13158
17253
7033
16356
18303
1537
13621
10727
13611
17247
2784
10274
18344
5438
11092
13120
9469
6575
2570
6182
3205
974
1095
9746
3100
4478
18207
8032
3706
12989
10556
177
510
4693
1795
11776
14981
5036
14234
1208
9218
17395
8425
14171
4848
17251
11009
17687
15018
10243
17185
11116
9779
7040
12929
4708
4243
6793
15097
18250
12528
5684
2901
7595
2937
7446
16595
10632
9896
2231
17358
7257
14673
15399
16254
7642
14944
4278
133
18379
18325
1864
1856
14462
9967
16017
7019
12813
17805
6931
1959
5048
9806
1466
6592
14897
4801
2419
3529
16960
11249
11343
7614
8006
10505
8939
5390
17487
6732
9812
9596
14
9068
9023
13145
4287
11186
2543
17458
434
1684
16369
746
17496
2216
7389
7844
5828
9018
16487
17580
4555
10037
13605
8838
18065
16850
13969
6722
13041
16272
14477
11597
12171
13029
4662
10434
11782
9863
17410
12190
8755
281
16691
16503
13939
2151
3856
7503
7861
12290
10145
3020
6277
14702
13549
6929
15331
14157
5204
17610
15080
13700
12906
556
7419
16992
8489
15307
604
13556
7090
7749
8079
7436
967
1344
13170
5150
14370
2862
9448
7203
10235
8397
17836
8781
16737
11185
7911
17133
718
8709
9893
9549
10038
15407
16856
16097
3326
14313
3415
761
8203
7001
1132
10316
6347
3188
287
9805
14917
11069
7801
14061
12016
10559
809
1302
1968
3124
1887
16746
3469
13465
2885
7438
8575
13297
8487
12099
4150
16609
17244
13296
2568
14585
10533
9591
18407
17223
13431
11337
8727
10351
10017
6399
16206
12264
4224
6873
1113
14946
5499
10348
14186
389
7735
8735
7226
1230
2020
3756
13691
10461
3486
2987
17164
5501
17389
1920
4600
5133
4703
2852
3901
1642
8570
8096
1609
18423
14814
14456
3645
9959
3346
7141
11058
1573
16522
7140
10833
8535
17326
8941
1429
6998
11247
1067
6279
2619
11557
16852
10418
12796
6305
6484
472
1797
4797
7445
8864
9334
11445
3731
6730
14738
11052
8505
17521
5709
3934
13411
10568
16198
18302
3660
8143
4122
17021
5053
4997
2733
5217
5614
1027
3014
1037
11262
8921
4549
9317
8592
12591
7008
3345
3690
12191
2093
678
3121
16103
170
1350
9788
562
11477
13782
194
9655
15387
12966
9077
8651
12563
17607
6270
14108
146
2971
13070
17545
17741
11737
9767
9085
11891
18275
8787
9457
16699
6284
11690
13462
9727
15449
15566
2959
4723
149
5884
1554
17815
15161
18097
14399
17756
1906
13227
6842
1981
16870
9237
17864
18419
17055
9668
6580
5193
6895
8522
4206
8060
5448
3197
845
10262
17586
13044
8589
190
17209
18188
457
5508
13439
8492
12868
3752
14735
10307
2548
15942
12541
6378
14661
13421
8479
739
4191
5382
12521
7276
17220
18375
14750
10469
17915
2685
16310
13238
17369
385
15916
10766
3258
5667
8546
115
1617
11141
9694
831
2193
5739
3012
15842
5291
13395
2490
3401
10056
205
11841
7980
18283
6203
9657
938
4255
6860
8969
16159
2493
2468
7110
9298
16795
16605
9159
3472
8536
4120
5139
11606
3238
16833
13319
12014
7124
7467
2342
1619
2155
2130
5928
18142
14677
16427
2107
16574
3004
4
12160
13280
756
2382
15384
7439
11914
1203
5637
6140
92
8243
9216
15773
683
8151
13942
9005
1889
16969
12197
1936
6180
11835
13281
10810
11748
15965
14258
11353
4135
13275
8046
15859
2469
4533
18104
10285
14469
3603
13842
7387
2571
13959
5304
8983
9814
1976
14577
17578
4539
7482
10768
12780
7714
17179
16573
6359
2682
11435
12693
5091
9631
6248
14995
5225
17127
13355
3630
8806
14807
2683
96
7452
17215
16629
5729
15135
3371
10298
16535
9458
15412
16027
11963
16347
6156
17750
16578
6047
2839
449
11045
671
14711
9274
11410
10030
520
2945
1928
4930
18149
4658
10940
2785
5459
13837
9996
15752
2789
74
11958
3148
9082
11159
11084
16897
13521
1550
364
4603
7053
10402
9986
8378
16916
17598
12161
7248
4418
852
1541
15004
16959
15953
4228
15649
9358
3592
10389
7490
16160
4655
8955
14570
10929
2086
9239
13519
2720
13221
16972
10510
13438
7898
16396
18387
12534
1701
6005
2551
6884
10636
7871
3615
2478
6200
11868
12465
16537
17827
14208
7501
14034
12245
17225
5032
8216
13877
9845
636
12462
13402
17561
16722
2598
7302
16014
3584
17306
4684
13218
1312
15340
3685
6361
1916
12046
9
13117
3826
17967
6120
36
4129
14849
10381
2502
9615
7021
13822
3446
3373
16061
7621
2550
6539
1161
3688
4317
6396
4423
11751
16431
11852
16886
14007
17715
4866
10915
2929
10018
6064
8140
2035
51
6534
514
6804
4297
9432
11588
5022
13487
7285
15300
3456
2241
5545
5371
17804
3254
13065
11295
12986
4437
16232
16877
11555
15198
15686
5441
8304
9745
9045
15955
9892
5482
7218
9498
1844
1257
5054
4557
5935
17375
12844
8856
2709
7094
14599
16055
18406
15603
3708
30
15458
2021
10515
4020
14392
16486
13375
1849
2005
17938
6037
304
5257
17833
12942
504
16375
3334
12985
16668
3583
7827
7753
5435
6106
3956
14126
6044
5622
480
3261
11332
13779
8801
18248
13609
17811
8234
8013
3457
16801
10370
13913
7453
18177
17059
1413
7221
17886
11393
15654
7326
16577
6802
15216
9454
16415
9104
8163
11903
16324
2677
4641
16434
8025
16405
5907
12155
16028
9998
9111
4450
18075
17823
3653
8652
10786
5483
917
14663
17449
1995
17699
540
3776
6745
18034
17638
3548
1870
5387
14287
7998
6273
4870
93
17269
12435
2258
6385
7655
6452
8565
8830
5345
10380
5893
6212
6183
10302
14123
8244
15761
18270
4057
737
13083
15755
7590
3813
16611
983
11317
5700
13459
2993
14352
14249
689
6312
15909
6141
7678
13538
8892
8754
12967
8811
12421
17054
6424
6477
16558
2361
17396
1873
16260
2890
14894
18111
1944
9716
16458
7388
12164
4644
4893
15499
13676
13840
15315
5874
348
11391
18226
18222
16179
13483
4410
15474
2331
17160
7747
1788
16033
243
16525
12678
1326
11179
5008
11517
14503
9981
7739
8902
986
972
4601
576
14109
13900
11002
12809
6716
2952
3282
2126
14980
7347
12302
15089
18429
9836
7240
4433
1857
5444
9764
17745
1966
8560
18073
17571
6880
10050
10347
7199
2711
5791
17611
2826
8091
77
17759
14714
16735
11823
15360
1858
4380
7362
15571
773
11140
757
11177
5789
14502
6688
4827
9066
9362
56
10273
6957
9229
6718
15120
16325
7081
4670
5563
14141
2556
16810
5844
8104
9144
4522
473
8318
11909
13027
7308
2813
8344
17350
16776
12543
6108
5968
16548
4170
4975
13254
307
2995
15373
7253
16836
10164
4425
462
5919
12881
7728
3765
16187
10829
10573
15828
5934
8906
17788
18432
16466
17429
17913
9628
15192
17556
2103
8563
10655
14746
12952
17735
6178
5167
12913
1843
12617
6832
7722
9186
1379
11945
11855
15271
16114
13371
10890
10105
5470
10003
8176
15690
8042
1694
15060
15606
4650
10221
16142
5005
4456
6331
7224
4639
13817
4178
2105
7209
1374
1656
17512
16247
9431
15503
14580
5147
605
15747
16406
10066
2178
4881
3503
16129
15932
3349
4647
7312
5004
13777
17945
17356
13804
899
17651
9233
6314
16229
620
16069
12857
1278
193
16468
12833
3088
4770
14866
7884
343
15032
16860
12405
3484
17001
6857
12047
12163
12136
3243
15616
11755
3340
1457
10180
14050
1065
11013
8932
3562
6987
6933
1606
6689
3087
14320
6815
5558
11243
4064
4202
8323
732
17420
6192
13738
12623
4776
13418
11749
9500
5412
1586
6594
10300
3189
13282
11085
11462
9278
5656
6882
13595
18322
9272
4058
9231
2038
5370
10226
1398
7284
2728
611
2768
10175
2185
11587
13155
669
14667
17980
8085
9730
15873
7295
4031
97
12957
8957
1411
5055
6256
16445
10614
13424
13213
5084
2049
17770
9925
7788
2624
13214
3102
6959
16148
5621
491
13880
12112
13799
16449
2085
4158
5113
15765
2744
5360
17130
5670
17015
17692
198
12667
1880
789
285
18390
8609
6040
12576
893
12977
10716
11529
16784
17895
12288
6607
17839
6481
15256
12553
12680
11451
9137
18084
13479
9386
7475
665
14407
12522
9390
15527
16988
10466
4099
17123
7628
7532
507
7323
17270
4787
12167
16944
3550
10792
12293
16197
7060
18027
3414
14759
11319
8478
16052
13206
11684
602
4947
5886
8301
7397
14801
17555
14765
8406
2213
10700
6656
8854
17248
8482
10941
14312
15063
8251
12736
9883
10769
12265
6849
1213
16227
17257
17298
16322
9182
2634
6060
5106
11556
17243
3452
14480
15491
7656
15251
9829
2222
16555
1929
6886
9187
9392
11550
17462
10374
16276
8950
5902
2363
9826
9366
13175
10806
6486
4667
18362
9188
6960
3209
17399
8341
17466
15247
15679
988
13878
6896
17341
9698
14128
10805
12057
1562
12586
8633
9608
10729
1716
11796
442
3668
5490
6445
5775
15897
16007
320
12251
10561
5033
1006
14783
13189
1181
1289
15720
5314
16086
4008
3287
11660
10540
3825
7489
2824
4841
4678
16018
16880
8149
13369
17494
12872
17233
18127
7960
13084
5378
15385
15481
17027
16915
731
18372
9132
16589
12595
11448
12029
6332
10293
4267
7307
16838
5869
3784
13507
10615
5689
9306
7563
15462
2348
3473
6107
15864
14145
10753
12278
11261
9529
14878
2539
15181
9324
4258
11422
8819
8281
10490
12650
5713
17758
12258
15285
16950
13980
10612
13153
13011
2725
2400
12741
12394
14472
3540
2573
16220
3211
129
18107
10645
6619
11565
8261
15336
14357
13299
5229
7287
14578
15033
12561
6822
2793
4192
15871
1282
2758
17900
10423
16826
5768
5611
15170
3937
16143
2062
1016
14102
40
13356
5742
15685
724
12958
3870
13928
9117
17983
11112
10168
14910
14819
13669
16490
3076
11820
13149
16760
8460
2876
8268
13430
4218
13737
6153
7174
32
856
15095
7068
140
13970
16594
1159
3309
333
8409
14603
15647
8333
13600
833
5544
14543
8322
16925
6968
13940
11520
16649
573
12436
735
1603
12673
17005
8429
15255
17289
12837
15743
1245
16376
4821
5494
357
3523
17696
5706
4941
1962
545
2094
10653
2460
5186
13469
11856
18152
8043
1180
15526
11297
1293
2716
8138
185
3539
15656
838
10241
8807
1998
458
6878
6858
6885
9850
17637
10516
9103
4642
13251
5423
7763
15618
4527
6439
16488
11240
14652
13528
16953
17096
9452
4768
10070
13937
5183
12404
16249
11126
17702
4040
3551
8971
5894
12232
16889
5536
8248
736
17999
17971
1973
6685
9492
9130
4260
4326
10450
10113
698
13770
8732
5628
6734
12731
14532
14424
12873
3556
14475
3938
6165
8658
13818
10823
17816
5365
6757
1148
16968
5240
15798
14839
3968
16409
6723
18081
13743
17840
15406
4041
17391
7523
16062
2732
17526
16320
16709
7286
12281
16858
1144
4704
11887
2253
16791
8363
17803
15483
1726
13137
2395
17304
15594
2752
17208
1238
13511
6561
9946
3219
8063
16832
3061
3989
13274
7421
9612
233
6480
3601
8265
2002
10019
8412
2175
9987
6645
11537
1771
15366
7778
12605
17647
2404
128
15311
16664
9837
13876
53
10239
1054
13526
1461
17187
16606
2032
16616
17051
3703
5937
16246
13688
11515
5215
2853
8804
17312
1569
261
16656
16837
581
7192
9697
1460
3807
10883
9761
13268
9325
11199
3494
17062
18223
2136
4108
6855
100
15923
1223
13819
9046
15368
10159
11575
12181
16171
18164
6123
17110
2393
9556
17866
13260
5216
7188
17463
1440
12328
16619
9720
4577
7336
1141
14690
13943
14504
17602
6747
5040
1572
8995
619
17508
3318
8230
12214
16523
3407
16958
4338
15739
12992
8300
10907
14466
13034
10830
5693
7941
6654
16152
15662
12921
7997
15001
12864
10470
7245
1640
12641
3671
8184
18266
7238
3941
14722
1599
2029
977
2304
4811
18271
7313
9089
9131
16777
17720
16127
11289
3862
14758
14120
9854
1690
5604
6558
14334
6542
15055
13515
10052
5069
11103
4971
7516
16485
14213
12851
12386
4991
3552
4916
15026
8885
16139
4740
13742
2864
6288
18340
12824
10986
18396
3119
2329
2998
4505
2227
14178
10599
12204
2745
13581
14795
14127
6837
8483
326
15520
5169
7415
12971
15878
1525
8875
4368
14436
14189
16740
11104
14833
2741
11406
5882
176
6054
6838
13897
314
4800
11901
9515
8120
2237
14346
11889
14038
13964
14331
8080
17351
6807
18070
16711
6137
16410
13650
8603
2188
1073
6671
7903
13086
5194
2811
12668
14551
3943
7599
9039
13506
13912
9246
7114
11770
9990
6436
16175
1129
11409
16562
7355
2228
2627
5816
9357
14289
5368
14689
16036
11779
800
17019
7450
17156
4832
6296
8529
14784
9069
10009
8741
17931
651
5795
7374
12474
12649
3109
9191
3972
14719
12116
17975
5344
9495
17960
14252
11500
4172
3624
15163
14378
13709
1232
9811
8020
15177
10383
11916
9945
17275
7867
14635
479
10413
14387
18451
874
4888
17812
5058
1446
16172
9828
14521
14465
12994
8342
11802
3510
12037
12229
7487
13720
6683
3868
15814
3082
17004
16507
15732
2332
16489
9582
12466
10382
3559
1319
15334
11649
17546
12317
14241
17113
15359
3883
14647
4252
2600
11408
4804
2013
10569
12890
13463
11964
9052
12930
5927
7517
1672
10967
2940
2106
3632
4806
9505
6738
2358
13767
1407
12159
4913
17271
17533
1291
18220
15426
2632
11648
3181
15154
178
14055
14999
12260
5909
8403
10013
13845
5821
9528
6786
15850
2492
11866
12494
6864
5733
7878
11402
7458
14389
14427
17040
18224
2121
7230
1389
11079
7956
6292
663
6867
1881
2297
12412
9451
5888
7428
11840
10869
3928
14657
4219
1133
9669
17047
13432
5679
9153
15460
8626
10309
7945
10919
466
15342
6862
17490
13662
16534
6869
8504
17241
17348
10683
17039
8435
13360
15894
8100
14571
16690
13493
16688
2748
17128
12535
14384
7938
6491
11658
658
612
2501
7341
6008
13755
7623
11169
12859
9771
1974
7732
7349
561
4831
16744
17079
5131
11921
9685
12341
7820
14885
6879
15809
10928
3198
15681
6847
16717
511
5467
15784
6333
5850
17951
4152
17793
2301
1143
3654
4045
16919
12849
11034
1136
591
14148
1455
9921
10984
12922
13647
690
11949
12757
7504
13914
5409
3912
15428
14583
7983
9019
10329
3186
9064
9514
14433
13108
865
14678
15639
14863
14553
17414
2913
9688
3714
13311
8841
16039
2271
2148
2766
12828
701
17624
13988
14216
10891
130
4628
1010
4726
17290
8590
17405
11611
13996
1491
2650
7191
3227
15322
18458
13302
12763
2416
447
11787
14810
18400
9827
3549
7869
1425
2118
4741
10811
2470
1099
8496
15075
10979
16216
16477
2934
4640
17091
4440
15291
7852
3574
5206
18131
11373
13966
10463
17644
14965
1280
213
4197
3542
10528
16370
14545
9663
15509
12039
8086
14705
1757
8600
6993
9160
16451
2375
6375
15513
10757
4729
6000
1923
6337
4835
8743
274
6189
2431
6788
10046
14435
17625
6719
11750
4828
6304
13314
14337
12924
14978
10061
11826
12483
17221
8295
740
681
5323
16413
4569
9367
8933
9205
6068
3392
1752
443
5767
3926
3746
10999
12119
7198
9857
17544
15967
16785
1853
11461
3649
4457
6694
14394
14302
5255
13244
9831
4856
13886
2454
7598
17600
17620
14704
15841
2412
6519
1458
16124
16567
7666
11154
3212
5396
13091
6650
9605
10386
8390
6016
12252
10361
17868
16378
8931
14534
18025
16091
12142
7047
8855
9266
17538
9311
17076
6520
13718
7404
18069
59
7084
8200
17262
14355
6496
12907
8345
14363
12770
17049
15867
11853
3030
2289
9040
430
16459
7687
2322
8534
4130
8790
1200
14051
18459
16350
9487
1718
13531
14954
654
4788
15306
15274
8443
14675
12765
6302
2033
4612
10566
5312
13196
15273
1450
11200
8833
4471
747
6018
15625
3208
14448
10909
6994
3889
5824
15125
425
5963
9428
5089
10045
15313
1410
14641
3487
3007
11973
3942
9702
15232
8453
10178
5525
12711
2605
7246
8628
16401
87
16161
12267
17392
4074
1999
3701
4023
8229
14731
17125
17798
12866
6905
6449
17587
13398
11265
10825
18245
9532
14261
13320
3477
18251
8986
10589
14242
16762
14432
16867
16199
10397
6473
5405
13587
10055
12463
1867
17264
11333
2303
15633
8861
459
13734
15267
5363
18298
17707
6952
2475
10222
8307
13234
12372
15182
578
16016
376
18199
11946
9569
2167
8277
15963
10040
12625
10277
9914
16600
4786
5985
1178
14820
17497
5891
14526
16714
15888
12194
10845
13017
10303
12176
4060
4325
7080
8904
5065
4938
4714
12168
13800
16167
1894
7505
4272
3059
10353
18306
11622
11117
9017
5334
12417
13977
16955
12878
6790
2044
7895
3117
2908
15957
16237
16982
5059
14471
8324
6260
12203
10554
16384
14443
5555
6391
1288
3526
5548
2594
13171
16549
16119
335
4515
8031
11928
1228
17685
6210
7331
15839
12766
7917
13484
6927
9388
5540
3596
4782
11123
11608
12636
11366
7743
9539
12453
14285
14984
12564
5793
7028
3135
963
4063
14637
2507
7625
15088
4097
18410
3513
5422
13627
0
2847
6062
13578
17772
11813
3687
3420
1252
3053
13193
4769
8330
3722
6969
6101
10654
1806
11831
2611
8730
3021
8053
4733
14975
10008
13466
5875
12733
825
10506
269
16265
16501
1891
9442
6442
4024
15215
4495
17438
12127
6344
4379
14950
4290
5623
2989
5582
14476
9006
3778
7032
1634
13073
12782
9782
10946
10847
9770
633
5018
726
7549
16911
12771
16300
6036
15248
4583
9755
15875
3144
9891
17212
8747
14409
9337
15628
9424
7372
10242
6369
481
11073
7058
18354
7149
17824
15631
8202
83
5692
14778
9260
4934
4761
5737
14842
12380
14564
18135
15430
3787
10346
16173
16430
4042
6848
5469
1059
2506
13217
8440
10245
7634
15053
8559
11773
12297
2488
2907
15857
6194
11865
2881
6672
4021
16060
12223
247
1206
3089
10199
10880
2138
4434
5157
10384
8724
6032
12233
16641
17333
10563
1318
3732
7281
10154
15870
57
14968
4592
9124
13163
305
498
6585
6446
16243
7600
10051
5015
8145
10023
8972
3262
14710
3094
5674
16259
1149
11215
11114
14544
2776
12244
18203
5182
3613
8303
11026
12912
4133
4685
16823
16559
6761
15217
5293
9267
6066
17197
16112
14321
18195
12089
5478
1811
8410
1635
15178
5964
13478
14279
10404
1702
10095
13520
9578
18100
2706
5862
16084
3018
6225
1518
4535
1097
18074
9581
7340
10484
3426
3747
11982
9547
16453
16601
13037
18328
4198
5753
16176
14411
4168
9149
9773
2160
5305
4092
4039
16547
14591
14933
15550
3170
8968
12423
1266
14413
7906
7661
3948
14789
7994
16491
9874
17847
8008
5781
5070
8419
16879
13247
10498
6367
6721
4467
9208
3916
8947
5338
13846
10771
8157
9466
16918
13106
11930
242
4818
17471
11326
13577
6915
13132
13565
6411
6134
11650
14043
8758
9817
7961
11226
16050
14079
16184
12388
1766
5200
6699
2708
12602
3362
17933
9991
16908
12758
3293
436
7705
16658
11125
11232
1377
9249
7944
12842
6307
11465
3939
9304
10545
6050
16252
1578
10887
18114
2146
2065
6493
5841
470
1612
13052
13340
12333
4445
1784
5752
6466
4663
17763
1472
6252
6877
6945
14163
17817
4980
6406
3322
2581
13408
11819
15979
12635
16775
17941
16765
8190
1818
12820
929
5971
1577
10696
4242
9723
11228
12175
5944
4649
13919
15372
11845
11900
1272
6434
16334
3406
18258
5311
12995
7949
16831
13310
12914
9001
1913
15017
13231
13303
16012
4054
1343
15113
554
8581
4851
10975
13426
9624
2256
15802
7999
7892
8680
9252
15567
17553
7290
13134
17303
8174
2100
3501
1501
8544
251
13727
15295
17207
17457
13172
13536
7679
2559
1093
9183
13707
8757
6828
7361
2186
12760
12461
7212
1215
17807
15695
152
1740
15452
990
5449
15604
14973
16053
8097
5241
2686
11136
15015
7536
6240
7193
18468
15806
13769
14879
10733
200
15218
12354
5597
4905
16429
11805
6782
12884
11183
8488
11389
9934
10224
9042
14901
1153
13972
10467
7200
16192
4299
3993
4632
3047
11519
10078
2376
15371
18310
13860
15316
8463
7626
9757
2635
3738
8907
8970
9335
8574
8468
11671
10412
14162
2047
2541
9343
14939
11710
8684
801
3936
3072
13304
4946
2268
9425
3281
429
15265
12343
175
11486
11729
597
5418
6127
4442
823
11885
11902
9908
16495
15073
7695
9387
5066
13909
5351
10027
4082
16368
684
12254
2263
6237
196
1958
13321
17791
1626
15497
7925
16380
13816
1367
1363
7853
6371
8785
15388
16432
3820
12726
3105
11797
16538
65
17952
2149
10910
16439
13115
7544
12699
6409
14823
7742
10075
7521
1877
5780
533
12080
13882
17752
12235
14874
11042
1813
18055
4520
7962
14060
10455
7838
8506
16133
2860
15149
5207
1595
16293
7670
17885
17166
15204
17848
7432
17822
9929
16452
4879
14892
8461
15578
13812
17327
9165
2778
16201
16729
2336
4995
18231
8760
9693
13748
15189
3369
17366
3149
15203
12874
8426
5589
7859
13100
15320
6145
6930
5566
16669
7760
7751
15707
3693
3033
8130
6250
4507
12508
11990
4318
541
6150
16840
1835
14594
12027
905
882
700
18412
10255
15104
12689
17344
9775
3279
14840
743
14517
9690
13006
912
2557
5506
11378
1815
4743
2109
8784
11641
1839
12050
3565
1183
1058
11838
17448
3700
1921
4059
6235
4220
9283
9881
16101
5375
15562
3264
9489
2912
8001
15659
14452
11616
15409
897
15721
7319
13023
9518
12944
15848
10223
10670
6850
2963
9051
12818
2743
9397
12010
11161
5374
11854
8035
5411
11871
14292
10025
2037
2692
14098
9141
4547
1828
8115
14561
14222
9604
15304
16807
18288
13765
3986
2068
17194
18161
18346
5829
6606
13184
9703
594
9108
5645
17503
8484
13412
12714
11371
13861
9944
11811
6935
795
17501
9706
11573
7379
6712
16550
17377
11415
5067
13406
14935
14875
884
2749
9780
4906
15014
334
17087
17379
8062
2063
6834
14380
6509
3717
5588
18335
10445
15688
12738
8803
17659
15007
12008
4083
3153
3744
755
15350
11181
8922
12043
9341
17634
570
3877
14520
6595
5037
7468
12122
6577
17845
3670
2309
4012
9995
9931
16362
16898
5019
7126
7935
4051
13522
6362
12858
9238
4389
2270
8232
8531
5488
15328
9193
4069
12999
6523
16177
17682
2316
12486
15986
10021
7259
16827
5502
8310
17
10267
476
13895
8980
12364
14964
1120
15565
17777
10737
4814
685
4304
4215
4755
11619
16493
6703
112
10014
9236
13781
2774
15220
11151
6160
8028
9120
9589
2625
2535
13062
1163
3895
9316
9646
10312
8696
12195
16943
10253
13821
9918
524
4874
10831
14566
15375
15980
6979
14782
4352
11191
4528
3403
12472
4126
16514
7741
13542
7681
8339
8159
8656
3468
5115
11166
4254
9880
8769
641
11927
9985
6612
14668
324
7943
6906
745
17426
7454
13637
6220
18352
15704
9496
15748
2707
4438
12144
11800
14316
3892
916
10924
16448
11687
17479
12501
11689
440
10268
7775
4609
14166
8568
16956
16373
10321
336
1997
10308
17077
1157
1555
8220
17081
8350
4371
8725
4845
14886
7282
16474
16132
2968
1083
12732
9340
8158
10982
9315
3517
16141
6013
10036
18350
12984
8992
11024
13009
982
2519
2976
5063
3504
5778
16887
13591
8711
17623
9766
6953
10033
12424
10567
2405
5452
12484
7674
14762
9059
14168
8131
13645
4285
17921
12648
8279
7929
8045
11120
17276
10024
13916
13823
12779
16957
15175
7097
4485
5580
12469
1403
16588
1721
16085
3246
10692
16096
66
5933
5630
2891
13095
3454
10917
11444
13790
15230
8618
9839
942
10843
8177
7181
3880
11188
4469
5179
10660
14754
2939
11286
1401
2856
11589
7808
17473
12596
10964
6128
8442
7676
15108
9374
5136
13597
9915
5529
9889
1899
11036
8495
7409
8164
13671
1528
1076
3907
622
14190
5779
2958
10993
10275
2137
11043
410
4754
17754
10783
11209
5627
1909
302
11931
5278
2406
15045
15487
18242
9848
6507
3930
10256
2338
9830
12847
8611
15470
13291
3773
10306
18247
12344
3409
3675
1558
9865
9575
18077
10852
13838
2158
785
2610
12398
10600
1050
16483
6954
2288
12179
6280
9461
12935
17665
978
1485
18044
1068
14737
11487
6004
16613
9924
3213
17311
15043
13246
13905
71
11341
16021
6901
17612
11836
5497
2601
1892
14341
3997
8524
7223
3838
1196
4407
17176
3474
5025
11828
10426
8376
12954
18198
11631
15464
6370
12377
4657
5707
3022
3961
13136
2759
9494
13445
15506
16632
17778
7194
7015
12571
18381
8188
10743
8365
9545
18353
3325
6698
6243
7377
448
1358
4250
4516
8367
614
16251
17775
9398
13031
13830
12789
5696
17936
9287
5389
17515
4369
6139
13456
18437
7716
10584
3123
1204
5201
14832
17766
17697
6381
11849
9819
679
17083
16207
1799
8056
12066
7638
3111
5149
17966
310
14843
1251
15715
8186
12552
17581
8347
3019
11355
6668
5505
14924
12545
11455
5626
14251
12938
10295
10248
12961
1142
14097
10621
10663
12516
13278
426
13705
4123
2887
4132
9722
3636
12981
1903
16999
941
10643
8545
12746
12513
1477
2153
14014
10902
11469
17340
3214
4992
10483
8786
13758
1391
8418
9748
13855
9113
8497
6257
2430
6238
8908
13264
9468
17883
753
8242
1801
4826
3244
13562
4751
18066
9997
6125
4231
4839
13773
5711
6944
5954
10195
9204
10211
4403
9741
16804
2964
1352
13433
15354
1124
16788
16770
16665
6115
8831
17654
11652
5306
12713
10250
8413
3953
9050
7205
15548
3360
13336
1475
11625
14483
9603
1237
6644
5324
13277
1841
1053
17588
7102
3851
7615
8474
15333
6851
14670
646
12298
2781
109
9399
1258
1687
2722
17926
13505
13533
1465
13116
4373
14703
5221
14584
10108
16842
15305
5929
14620
16285
4079
3905
7605
1509
3062
8780
632
8306
2089
6898
14625
359
3129
10818
7672
3804
44
17495
3444
147
4872
3536
13563
8311
15648
16286
288
5426
9379
14254
4712
10112
10203
10011
7179
1128
10708
16650
10297
11778
14721
11720
17143
18049
9301
13539
248
10048
8033
2498
7289
9273
10863
5161
11656
902
4472
16863
8569
531
623
15691
10997
17893
16679
13673
12318
10728
6126
4257
8132
3394
2391
2896
7000
603
18028
7682
4341
7846
13872
12631
1428
7766
666
18017
7096
1781
2806
15722
926
691
13517
13580
7092
16318
2347
12032
6429
12031
13784
8779
5521
11235
2500
3265
2168
790
14329
6616
16398
723
14941
7457
12991
17739
17762
6582
6563
4324
1328
14184
17738
8616
6433
4333
11559
8585
171
5887
3226
872
18347
13896
16926
8839
10541
1933
5406
17170
471
10969
6777
17667
904
12540
13129
12982
2485
5458
5994
4195
17792
4701
17558
4619
14579
17011
12639
17808
15983
4863
15383
1594
9894
15061
439
17724
10921
8160
16924
18096
640
3657
14081
7328
6916
17939
6309
14315
14215
2747
5809
3865
2083
4322
9752
12207
4773
13552
12172
134
11345
1984
5072
10738
5268
13899
5649
17238
12130
13760
7085
3168
13547
16864
10041
1283
4734
6564
15380
12599
4100
4353
10744
12075
2269
7832
7507
8988
11551
13077
12141
4386
8467
9868
8081
4225
17559
16412
7792
3086
9184
15771
16757
418
664
16025
6392
14206
18212
12325
10923
8019
17394
6909
13138
12918
15598
16660
7654
9360
2440
6967
15242
1794
15731
8121
3110
10590
15824
14101
2014
17976
10970
8984
13121
12547
18309
11195
13642
3016
8518
13499
6321
680
8699
10624
7653
5996
319
13993
10022
8897
1421
9313
13535
13679
10398
13265
3845
5340
15424
14618
12723
15211
1420
13982
1735
6297
5912
2962
8655
9372
13532
3488
8290
797
9361
10850
8473
15816
15051
15861
4917
15874
5325
15191
7175
10765
16593
316
7904
519
15940
12227
8977
18243
8356
15664
17177
8154
2394
16994
16781
18316
10916
2019
6537
1274
4251
5762
18418
8334
13393
17700
10395
7916
8825
12747
13342
6826
1508
11977
16360
4548
10546
11572
3828
9240
17174
9296
101
7663
17743
4952
1659
17451
10950
15770
1738
7837
18237
14773
892
4959
16610
7985
14513
6910
1551
987
6527
9483
14700
10115
5520
7577
14031
4159
12247
8915
289
4659
4546
15317
18213
16976
883
6622
11691
15486
10074
16226
5556
7278
12097
14076
14347
516
12420
9497
17948
4381
9602
14099
18370
15302
11786
8308
9010
11382
6865
991
3118
10393
927
1082
2763
9610
7325
14199
11668
17491
16971
1645
16343
10367
14716
402
2015
11741
11613
13697
1390
13865
1199
14177
10487
4912
1754
3455
4675
12656
14230
12861
3781
6505
8868
16267
4720
16388
8916
9527
417
10453
18291
1900
661
915
15431
8238
7875
16517
5878
9154
9644
5785
695
2082
18421
13635
10194
16317
17445
8997
17876
2230
9671
6447
14920
267
4618
11190
14552
1354
15725
4735
10734
6455
12447
2355
6536
4784
15030
4006
11708
14966
8297
7918
12123
5671
14522
8842
4850
5550
16519
10930
7407
15702
9093
12739
6098
10088
16122
3351
7364
962
13068
2176
2882
14129
7761
6113
7698
4978
8023
1568
6188
11514
2848
18393
89
8282
3131
16353
3337
8890
14724
7162
3888
7506
9412
9623
2753
8808
10237
11204
6744
7125
14196
10143
12098
677
8889
6641
15172
1290
9634
17246
17282
2166
7309
8254
16296
11214
9319
14404
8299
13652
821
13847
12090
3673
6497
7515
15000
6002
8239
3656
9725
12408
6705
5571
17398
99
9870
6715
5773
14286
6072
18079
10808
932
13028
6713
7786
10857
10047
1996
14756
2986
13791
8421
7813
8326
5401
15287
8698
8328
13932
1100
6853
15358
7947
1765
2494
15776
11694
5151
10684
10603
15477
80
1736
7158
15243
8692
4620
8541
12940
15065
5126
14152
5491
17065
14103
2026
13543
13183
8490
16787
842
2163
8446
719
6506
253
13141
1850
1164
9726
7750
12036
13148
14492
11330
17722
652
9816
17641
13793
8312
4957
15443
9418
16080
15978
16351
9022
4414
4880
12620
9832
8247
5185
4764
10379
9259
11959
15919
4430
18305
10344
17205
6839
15482
3527
14785
11292
14028
2429
1898
18312
5900
4789
1041
16242
5720
11252
18392
5678
10895
16824
4033
1868
15877
8037
9228
16164
1236
17206
6485
3146
13962
12199
7866
14269
8191
6778
2425
8598
7633
12850
17227
1348
10350
9707
16932
6326
15490
4398
1712
16117
8728
17057
1115
9809
16292
14004
16800
3780
15279
11627
14539
16782
11920
14236
12067
12367
10411
18000
17819
14134
4924
817
13098
4275
15421
4295
15601
3852
18085
8899
7765
13042
2922
9162
340
14217
13468
1805
8642
7796
13074
16253
1749
5599
10960
5740
14078
10893
3898
2797
13495
11644
2487
13345
12752
12185
16753
826
5486
17037
4163
2894
257
4401
14915
9368
12669
11524
4106
5332
9639
16357
11246
14117
18444
3152
4140
159
2642
7624
2705
3625
4954
2509
9567
725
14300
2804
12077
72
6300
3085
6093
5192
18420
6130
13941
10494
11111
2697
7398
9872
17973
558
2314
219
7707
1260
1336
9348
4536
16505
11633
14260
12500
16110
9189
17359
7012
7030
18018
12794
11413
6175
3769
13024
8264
17386
17585
708
5736
17869
9265
9000
3263
17470
17859
3692
7258
13686
6111
12280
12652
16180
14763
12231
12665
12511
10529
10123
7752
13036
6726
11501
567
2446
17716
14422
13971
10294
15478
5654
10157
13786
16241
10892
3419
17919
4392
4896
12023
2154
1481
11171
9478
5112
5861
8038
5321
12676
7459
4812
18334
16341
10605
9080
9784
17403
6642
16479
9305
10296
8938
8555
6234
9247
10136
2028
10620
7791
2645
7136
5947
15312
13867
1730
7007
12300
13930
19
1993
17579
6097
9332
15762
13276
2116
3179
16454
17618
16283
7187
17962
4829
13230
17576
12814
11263
209
5242
6024
15693
17323
2397
1623
8335
2240
15437
5698
5549
12800
6216
4816
5296
6328
2694
14698
14243
14023
18414
15641
5379
144
10858
18030
5317
7024
925
950
8029
11394
998
5641
12243
374
5013
2129
13717
6827
18447
16303
9079
8003
2195
14037
7647
18364
6416
15162
5017
7171
8125
11759
5557
17761
3878
11196
15663
9645
17492
11753
18398
6459
9157
10343
4753
12441
6634
10974
5838
4203
11184
15202
6287
8422
17888
6772
5769
15985
5983
12329
16511
6964
13711
10634
7691
11149
11340
1800
1154
6503
16236
14498
840
13252
1024
453
15931
1234
7696
8834
13014
3534
1722
18101
12604
14335
11463
11193
15241
8110
10238
5794
18239
2919
5495
13798
2179
9580
16277
12403
1284
2443
17030
12519
2319
1402
9178
6215
14193
8099
2731
9579
11367
2941
9302
13604
8098
2680
6015
16093
6227
16822
8945
12402
9838
2341
9502
3553
3249
13761
8107
5211
17468
3431
5849
10122
17325
17542
7611
270
17844
13832
12044
8649
13096
15634
14573
14201
14100
17092
12490
18402
7686
5383
375
10408
2196
11019
11227
9901
9369
805
4331
5572
14660
15151
959
2794
1239
3163
14546
14388
10311
6402
18192
4976
2822
16205
2204
16728
7500
8393
4966
6540
4836
1950
8630
14659
11398
1723
7777
15093
9876
2243
3025
586
16671
13380
16211
17797
15522
10780
613
3818
14745
6311
12206
354
8114
5286
16221
5294
14138
9754
2999
306
13768
5078
3819
6251
18260
11525
3518
3443
14417
1447
7526
1768
7811
2464
17849
11315
11724
15706
3434
3609
5852
4653
5197
1561
9678
16962
8374
6627
18091
16752
13640
2145
11961
6187
16703
15670
17362
2648
15131
15157
5986
13240
1785
14376
2031
12149
10057
13844
17870
13561
4013
12821
15227
5747
14125
3178
3844
847
14949
6443
5415
4491
1655
6962
14048
17155
6749
6571
12166
10230
13614
14218
8084
1191
14556
2909
2991
6117
7530
5298
12819
2724
16364
6440
16576
2370
63
5096
16799
4580
16938
11987
7378
18467
14371
6301
11374
3644
5051
10992
9904
12822
2059
696
9907
9807
14797
7865
4424
12536
5434
6357
3285
9718
18301
15446
8519
2450
7657
11397
2825
18228
15832
14733
4953
1337
9625
13064
12193
8998
18389
6158
16637
4626
8794
11675
15733
23
3631
3824
3566
6142
6482
11083
12134
11581
505
4579
3696
15946
14250
13385
525
4868
2614
8101
7689
766
7646
12589
7907
16372
3741
14957
11025
271
8877
15843
11981
15718
15591
657
17834
1107
15904
6769
15277
7509
1583
5974
16662
15808
388
6076
7566
14775
17905
12012
4942
13644
1112
2910
17305
11888
9576
1080
12891
15049
11098
4545
1907
17828
10098
13557
13333
1381
7046
13732
11164
6360
5879
18315
13363
12495
5265
15818
13674
1917
16193
15677
13504
13659
14485
2479
2874
16624
901
18367
2439
8148
13498
7729
1126
7514
10690
1392
489
244
6420
14550
12870
9490
11892
8359
16713
8584
5950
9973
6510
1607
17117
16888
3618
15210
13101
10447
1023
13293
584
6310
10121
11147
3764
15674
2407
13938
10231
4089
9476
4210
3775
10179
5336
10472
15288
13514
46
18023
1179
17593
6075
11106
14752
5885
17550
1502
807
4785
8675
13482
5271
18422
10120
8557
18426
2658
8320
8914
5577
3577
17694
474
315
14144
15849
4573
18452
8249
1533
9096
11966
17148
14869
17646
15530
1982
12279
2203
1346
13092
8537
15900
9215
11872
6233
10718
3159
1327
14821
12926
4718
14026
12073
464
13792
15119
15827
7083
5098
7969
14993
11146
9371
8423
16541
341
11703
228
2071
1524
17046
2818
985
13829
6899
3639
11320
11962
11957
15370
1731
15309
14428
12624
10191
3766
2836
3800
14514
9951
15838
627
18047
2346
16876
9531
5144
5840
8432
5011
16582
2915
12762
5539
13843
4167
5110
15853
13142
17734
11635
9435
16111
5822
6355
3233
4077
5835
3137
14015
18138
717
17372
8389
1574
14106
14554
2206
10836
17920
7112
15925
2366
3303
6313
7165
18240
10201
18343
15956
422
1753
12937
3525
14509
7356
17851
10661
10204
17863
15447
9798
325
8083
555
6316
8431
10552
17573
17032
15510
10156
14000
15624
6298
11213
11809
16240
18179
3122
5940
17230
796
8041
17590
11547
12131
6610
7723
814
3879
4480
1893
7048
16072
12607
8712
14708
10731
3174
17084
201
12901
15433
17121
10125
6281
2838
15042
3475
7613
16174
17691
17402
11790
2861
158
6800
15836
5267
18276
9429
308
11993
12319
3917
3381
12370
15652
16420
886
827
16518
3397
6421
4217
7556
6009
76
2676
12249
5123
15364
5784
12698
10299
10699
3255
3398
11991
5030
1061
16914
13967
9825
10509
2018
2771
18045
18265
17842
3770
18024
16056
9057
16906
14528
283
15244
14343
14622
151
14045
2842
11792
16087
6428
1888
6041
8742
17907
9139
6176
8795
18147
7710
16379
9363
2626
1385
12931
7712
5867
16278
3296
6637
1081
5021
16825
1571
17683
6708
10750
11692
10060
2034
10912
12838
465
14071
17974
4404
5938
14510
8514
17089
18170
9847
17993
1116
9359
16219
5218
2318
16234
1534
13873
4744
16695
3280
3840
5587
12548
15240
14084
12017
5261
5855
17477
11535
4923
3951
14272
17947
11617
16544
5655
16868
922
12923
6982
3317
4691
12727
16294
9156
8613
10071
14327
12584
1195
12690
16150
9621
6602
16331
15184
4875
1530
7082
2141
15627
527
3228
13427
17499
337
14728
9867
16508
10428
299
17315
5407
1194
2544
835
17666
12688
9471
557
12645
18436
17660
14853
11348
6094
5575
5750
15968
1137
8258
4400
10457
7414
16031
2829
3964
17527
2820
14367
17891
17228
13130
4143
14903
4783
1185
17332
9342
10097
1688
2217
15363
15697
2921
3425
14619
2951
13177
4748
6522
2821
9026
3343
372
12126
7241
16572
461
12292
4384
6269
3277
17749
12666
7070
4490
6348
17098
7144
18365
17324
1170
13324
4532
7121
12312
3097
7891
6928
9327
6870
15504
2612
8881
8678
1953
17345
12845
15667
18262
8637
3990
5712
11157
15048
6045
11306
13745
9942
5258
17383
11312
5330
13289
11030
9705
946
11683
12825
12148
13349
10357
11996
12391
15884
9499
15029
7016
11553
11794
8827
9125
5427
11494
8476
8738
12775
3247
6020
301
17916
13973
400
9376
18128
4509
5610
16344
2368
3611
8967
14324
9821
9382
6467
10471
11730
6525
8071
15310
2024
7390
7658
11192
10679
15165
11780
18
17679
15551
1536
8895
9081
1633
5364
16414
2621
7959
14130
7360
14066
16153
17897
8255
1096
3067
4810
3048
7292
7883
7050
17124
13826
15444
10282
9322
16921
10846
13739
655
12189
3305
14524
14804
407
17928
8987
6980
13824
5913
9449
6611
7266
41
14147
14598
10886
10406
6276
10710
7546
6655
1939
811
11433
17159
2010
4656
14976
3310
10564
2735
16291
9721
7168
9235
15605
7067
5527
9680
2926
15259
2307
9559
2291
12975
12672
850
4332
7868
11365
17686
17943
4463
5839
7380
13449
13744
1761
9269
10579
18121
13085
8364
9521
11344
14291
8549
7384
4981
5847
15817
10888
7054
9856
10971
13226
10572
18015
11233
1538
1292
14454
2225
3184
210
15735
13308
13286
14707
17663
18095
9957
639
4377
9169
15260
13317
2197
9364
17109
11607
11821
8316
1025
2073
14929
565
18349
2835
18050
15403
11707
11541
5083
5999
1057
15148
8269
17313
645
8094
10062
10153
2524
1241
8457
4175
5647
490
7703
5546
13567
8375
2877
5880
14323
1590
2226
11570
3286
12554
18454
7009
8197
5262
4241
8788
12720
17648
12034
4944
9969
9550
2737
3171
8049
7465
16759
3691
15683
9943
13954
8516
5440
1666
10491
6758
16645
12026
18129
15423
15270
11676
4833
17140
14493
12088
14124
7332
15455
18205
6669
15671
1205
11571
14142
13144
16564
18460
7382
9410
5967
13054
14170
421
12834
17074
17258
14972
12055
5687
8542
11898
1090
1222
8214
6236
9650
1552
13616
8726
3154
13429
9601
862
12087
7645
6414
16189
8979
16383
13169
11467
4294
13199
1000
528
14379
5235
16213
12565
16381
6335
3843
11110
4709
14390
9105
6398
6303
15159
8740
15094
14342
125
11746
16228
6053
9155
10475
10215
704
4280
2473
2417
3861
2061
1114
16158
1951
13653
9507
10401
8360
7061
11548
14070
11411
10761
12444
8844
18151
4745
4798
11910
1654
6854
1298
15297
5979
17577
13051
6767
5988
8201
5987
9968
11470
2043
5457
16121
11005
10032
3495
13159
6779
11015
720
1641
6707
17460
8195
16854
10514
1052
15984
1020
9636
12102
15800
3588
3199
16134
11700
13374
5820
5512
14788
4207
10084
9966
7545
12972
4809
15966
2791
3867
1827
8733
4558
16130
2328
11569
10804
7520
211
127
866
6942
17107
1395
10503
15323
3521
8452
8494
3730
7252
13358
5273
9250
10106
13893
12880
16462
3532
10341
16546
14192
10815
9119
15480
15998
6646
3229
9743
8315
13400
8210
11133
13353
10
2091
12348
10502
15010
3191
5092
15645
12174
17695
9049
7569
7548
8799
7764
6095
189
11923
8486
863
10881
8414
5122
7856
17884
2617
16639
14630
11942
9617
5087
8026
12309
67
18227
2805
14049
4599
5156
14244
370
17229
4411
5661
11175
8774
17502
4984
9911
653
839
1833
15726
9128
17652
8770
9289
15573
5908
2423
5596
10638
10362
8674
1711
8912
6247
6438
10269
9606
11913
15146
12152
8578
9710
8319
1521
17813
13399
1435
4196
16866
16673
5302
6011
4779
12933
11950
17167
4223
259
14349
5437
18263
17034
9742
12702
11122
132
13571
7424
5612
7363
4669
9572
4363
9148
9284
4245
13203
3051
3132
10337
7023
1965
17146
9536
15023
11893
9535
13639
13989
10165
12263
11775
5675
9638
4009
4094
7270
8665
4537
10459
6904
18373
16029
4221
7726
12951
15524
2746
5290
169
2486
7632
9802
1371
1918
13215
1009
10680
17453
3190
15221
7393
1015
13910
10015
16044
7877
14256
15008
11310
4307
7942
4774
1431
12749
7461
11102
13803
12200
10682
16707
14490
14339
11489
15729
5295
2867
1598
16268
17261
10234
6456
17661
15988
10345
2051
11709
10500
2710
6609
12242
12384
13166
18123
12664
3579
11007
11618
15719
16597
14410
4931
11583
7784
15187
12583
6205
3298
14069
4500
8067
11044
6393
12696
16902
1613
3259
9192
17105
12007
12480
4550
11466
17370
14881
5259
1078
6464
1764
3809
11131
4354
14499
5803
536
12567
17073
12188
6682
7814
1556
6868
7153
8231
7609
4925
9670
7886
17388
4544
1130
13045
4288
6784
13162
16565
15819
3437
17317
5854
630
16079
8686
4187
3166
16951
9477
6950
13489
4683
10081
435
15856
16009
3315
18254
13708
6653
13625
17557
5992
11717
14067
8508
6805
12418
7333
17990
11438
339
4153
14271
6346
5759
13269
553
6557
9586
3981
10779
398
5662
17371
5523
11986
17300
15546
3383
17025
12916
9765
9419
7039
11810
16754
12284
12378
11426
759
16633
9778
13381
4319
1943
11217
5119
16607
5989
13560
10117
16136
11440
5451
14310
686
7470
12562
6104
6092
8260
9523
1796
2769
9230
4189
17529
6195
16859
4681
1287
3655
2436
1542
9151
1105
3038
17476
1803
5517
17218
8966
17856
13997
7156
7410
3329
7560
7894
14470
6249
17934
17352
8222
7342
2754
3331
13043
12
17878
9107
8659
17534
6395
12020
2994
4179
4700
14911
17631
5658
721
6325
16927
8005
13923
11951
5246
18202
12615
13851
6741
12259
1876
14131
12446
3897
17122
168
8027
2398
5731
4892
16743
12587
16738
7020
3412
774
14772
7348
394
7425
11978
10688
4447
6966
17899
8640
10628
4233
4306
17035
3344
8739
17979
2657
15915
11003
1774
2664
5924
10474
1408
6978
9983
8051
1847
10480
2156
173
17554
5728
6651
17599
16436
7713
17072
199
12574
17154
3440
6559
13747
1926
5650
11318
13854
17066
8672
1886
8772
3702
1227
906
18225
18032
2871
16674
11592
6735
8267
10760
2678
3839
4343
1955
7093
18307
1581
18327
12804
3920
15169
9072
17360
4176
6829
8372
6112
7498
17740
8102
9616
14898
2164
4310
4029
391
13574
16683
15736
955
18404
10824
9751
4588
1310
3650
9201
4234
1106
1786
195
11352
7502
6803
14998
3792
17343
5432
2562
8040
9980
8710
2128
15171
5145
13143
6995
12467
3202
1035
1498
6483
11546
13327
14083
11824
3757
5220
8354
4227
380
4062
5629
17201
7953
3980
4422
3253
15238
7403
1189
11287
14541
4919
15117
14680
2762
15031
13069
7322
8134
6081
13461
4884
8283
16756
14365
13038
3759
8286
13503
17067
12135
15637
15556
9905
12974
3811
5282
12100
13376
12021
3628
11702
15651
17725
9772
11331
7724
17434
12387
10355
9513
14560
818
16984
8481
9450
4114
10875
17510
3333
10271
14963
13849
85
4044
7913
15507
16758
1681
6599
4889
9185
10616
10626
2056
1219
13312
13889
16865
3175
13019
12556
8226
1862
4877
1693
2521
7538
1535
11862
5245
17676
9195
1945
3321
16131
7318
8280
3507
6435
10767
1182
6330
166
16346
16900
15907
1140
12815
4899
6574
8614
13584
7745
7923
3947
16846
13407
15476
8272
6695
7301
10751
10746
1832
7466
8660
2385
10020
7644
12425
5429
9992
5995
8550
15521
2247
204
15962
6114
14912
3582
9129
8118
12716
11162
10039
16913
10874
17266
12856
5921
16269
3364
5044
10798
16540
8464
4493
15132
138
5826
11436
14792
6697
1596
18124
135
12069
8978
5668
12373
11663
12072
3665
13598
8054
280
16191
17608
5562
7300
4497
6030
9422
15134
14588
8022
16393
2819
2515
1830
16019
7041
3996
14464
10959
3531
13259
15069
10674
4201
16482
6751
16215
7736
12549
13811
6132
17516
11459
15009
12784
4266
7079
7834
9846
6350
9083
11401
17354
10719
16057
17291
16631
5618
2604
7936
4476
15276
4103
16941
13690
16883
10207
17736
15205
16075
12305
5916
16875
15047
18293
5669
812
16327
14974
2668
3288
9681
4501
14449
3481
16553
7973
5359
17287
6844
11453
5141
16156
1285
16648
8643
8150
231
15473
8153
7127
3363
4188
6631
15584
14373
9203
10555
5541
14309
6667
14325
1362
13585
4460
9544
14179
2613
4208
13911
9015
13736
11789
1022
11473
13512
12040
3546
12496
10133
738
18342
18300
11922
10482
12491
2205
16040
8180
11100
15440
18290
14430
17875
14173
7394
5997
18377
5210
8653
6965
1316
11979
15278
2630
6985
9389
11055
14664
11539
12619
5504
10488
6317
15728
4151
17838
10320
8065
10591
5639
6545
12132
2840
3307
14441
8010
1651
15552
13334
10338
2547
4184
12774
6635
2282
3651
2672
107
12330
6911
4138
12764
7518
9470
11944
2899
13198
15489
6596
11859
14233
5741
14068
17006
13441
4665
6363
5758
4204
12270
14626
3
6991
15669
13417
9599
9866
2516
4156
2481
15158
5195
2636
14248
4193
15922
6034
2012
6597
7027
6973
12927
18175
2787
4027
3667
13704
17821
3923
18102
13378
12533
15789
1005
9653
202
13797
2512
15528
1268
3370
6504
13606
11704
8793
12559
2211
13270
18076
15542
15118
13986
13546
5071
17132
5717
6351
10366
3927
1667
2007
226
16316
15580
4890
10119
1512
2652
15581
16478
17753
15087
16769
11396
1807
14877
8014
6457
5012
10288
15502
14651
16684
6083
3142
11506
16264
10085
9649
6035
7543
2377
10725
17277
2255
11521
1306
4358
6628
7797
8663
9941
1240
17183
141
12165
3952
4483
1769
7157
1172
16041
575
13617
7525
10713
4065
11493
3520
4334
399
7648
18466
8612
1119
12694
11032
7314
4903
8192
8501
12215
4900
14116
14609
12382
11372
4174
5774
17564
4847
13658
15237
17727
13529
3276
1079
1063
11351
4629
1441
9251
8930
7701
15914
5851
3736
10422
18169
14086
9136
11381
8900
14246
5601
2087
1416
5606
1247
8288
16851
3390
16670
11250
14934
16125
7447
13696
11407
5226
10722
12904
17670
3786
18378
7568
9227
16358
2779
5234
1647
11664
3037
8654
4932
5118
163
15886
9434
17071
1301
16437
9299
3834
13814
15207
7932
2064
12504
2740
5834
9279
9939
14478
4825
11584
15374
5859
3195
11449
12502
1134
15136
17318
7437
3388
1511
7265
11130
11272
12744
17075
10465
5097
3081
9936
181
13066
5056
4921
16382
1812
3857
7031
1709
17985
13995
14406
10592
11705
9268
4247
8624
55
4822
6489
635
9977
1618
17664
10012
11254
4819
3560
1991
11176
17968
9281
17472
14273
14153
9851
14813
7143
3423
5760
2491
12610
7770
8205
17022
13678
8173
11999
15488
13701
15183
14781
11405
13295
6809
4473
6658
7952
3978
16935
4780
7183
12978
17744
15471
18031
4595
8082
17730
7291
8196
6581
6946
6876
3616
14095
11925
8867
4387
5903
12239
3554
7131
2886
7967
18173
17292
4416
7966
9323
17614
16450
1563
12876
7965
18093
8236
10227
14450
2483
15680
14696
12593
13810
4793
12705
15038
9683
4277
15545
4283
17998
18285
17520
3311
4209
7970
5845
13201
13209
10799
5743
2892
311
11124
17751
3966
6678
2069
9416
7715
8294
12071
15672
272
8447
16335
17459
14415
6830
1789
13502
10617
7116
61
18282
1168
2698
11870
14997
11047
13915
14969
2687
9971
8526
2340
12291
14694
15456
5274
6652
8579
10229
3589
6633
17168
995
12499
4795
10504
12455
10441
9654
13725
11632
1482
14297
16046
11605
12911
12832
17082
16989
8392
4166
13857
4329
5297
14348
8271
15266
3946
9232
4432
14290
5090
569
6052
15549
11997
5103
17742
5313
9712
16978
95
4010
1758
17102
16367
11936
1089
11904
13596
5472
7493
17771
2699
2961
17719
11248
12867
3091
7551
16745
4075
3955
18148
9465
3558
15141
12507
706
2841
5408
3903
12846
13176
13750
16332
2553
5035
1580
16843
3713
17033
12692
2041
16239
1809
8617
17940
2306
12566
4556
4449
6939
2655
17830
1663
8289
600
18308
18230
13236
4846
3760
13195
5171
5519
3355
14536
9792
9486
254
3578
10184
9167
2499
2591
12246
3799
5857
12478
6055
8386
3035
14305
10721
687
8187
10301
11258
18356
14013
1074
279
15801
4614
1085
12915
16878
2927
11774
17058
3235
10315
17346
6146
4886
4356
12459
18289
13566
13815
10420
17012
16299
13983
13906
12886
16626
8993
4590
8981
8999
13152
8167
10704
18159
14322
15786
9473
17867
4538
17368
10140
1601
2246
17112
3074
17560
8417
14734
3032
9109
1304
1029
2564
162
4974
9221
2324
12145
1449
5535
11919
15435
15341
5014
5939
7460
9952
15792
4007
15694
4360
16212
3044
11595
7727
10326
3586
16315
8387
10658
6702
16963
12651
8646
7268
3023
673
15343
8498
10332
6388
3008
13689
5554
9674
15013
18323
13331
8817
16985
8731
3711
3871
5761
2844
16802
229
11187
14748
3092
12230
10187
1587
1356
8116
13624
3245
14940
14298
17461
18090
16095
7559
12598
13491
6789
5403
3347
10124
6118
5190
17500
3448
172
2184
10938
610
3735
12237
6677
7329
3676
13656
3492
317
650
8521
2326
9607
662
1912
3763
621
9220
13140
10388
1838
8944
11818
4367
6684
9950
7991
5802
18384
5111
10772
5872
9938
17142
5263
13102
11798
82
7651
2345
7964
5635
1836
16000
15734
4374
15263
8162
1419
10409
16006
3323
15893
14654
10225
8075
1436
8572
14058
923
8090
4405
5910
1792
17437
9333
11432
3640
16428
16532
409
16465
8296
298
9970
7311
10784
5431
16169
7831
7413
18062
12458
3641
10094
9561
17795
4281
6560
14671
9557
5164
9094
18376
546
1
5532
8528
6665
909
9912
13396
1675
15737
14326
15989
7264
1250
15791
5315
11530
10360
366
10437
17285
15703
9869
16845
13389
3914
3147
4660
155
15898
7541
9774
2252
14812
14467
119
8510
15658
10740
877
1007
17433
12910
16646
1546
2122
18008
924
7529
6401
7810
9453
11567
3791
10667
8106
1837
16881
17150
15367
9464
4525
10976
3758
17880
5388
6541
9696
8894
17937
8137
6155
7408
3614
14307
18035
16910
7697
8485
3633
5309
13330
17889
1670
16363
5279
6881
14846
14540
17026
3482
14590
9455
11072
8845
2911
1174
8965
13250
13583
3924
13306
8798
18088
7186
8057
12715
1513
3332
8865
5922
2751
1478
17504
4142
10369
14681
9370
18434
9480
14118
10323
14005
8990
1047
5339
6413
15794
1221
11170
15186
17211
10352
3026
15990
12241
7338
5552
8679
180
12808
4067
4035
17592
12659
12162
6077
3338
17226
9762
14237
13022
2956
16411
14344
976
13179
7201
14351
8379
14766
6474
9699
2466
14021
13055
7565
15027
8471
15034
1775
6500
13212
13094
13059
10209
6306
17003
7748
13058
3367
11712
8314
16736
3979
16238
15338
6990
18415
3328
16059
5509
5034
4098
7931
3742
18134
1366
16330
5442
17541
4141
17874
15531
1075
9294
8670
18329
12092
6919
14266
15790
11629
10580
6222
17970
7863
6660
6352
5292
1732
6087
7213
10822
14834
3099
384
217
7807
12476
4936
3439
4554
9171
5398
11873
6149
9676
11115
17642
16068
568
5308
13693
14140
2239
8337
13205
5433
4983
6693
7134
7071
13258
15862
12256
16038
12685
10146
106
7429
9903
494
4823
2354
1216
12211
8147
4682
1452
2210
4752
14447
17118
5543
2525
1263
17681
12033
15872
10809
1970
13382
16313
13948
5366
12360
18014
15422
4927
17342
16446
11848
1977
12396
5640
4127
8193
15803
816
6329
12646
12323
18219
751
12479
15153
6775
378
2
81
16374
11076
17188
7746
6584
3833
1689
8552
11639
8182
609
12883
1103
1505
3113
3476
18368
15661
544
13048
15468
8835
7280
12963
3817
10588
4948
18089
17693
6498
7717
14214
4844
11118
9656
11682
14906
9295
10166
9538
5681
12303
9517
1611
1369
12709
2445
3442
6544
15054
15938
17984
18041
8599
7066
12783
16581
14460
3988
15564
3661
17252
15185
18371
12703
14669
5651
5503
15971
15102
11356
3610
1473
5757
9198
3127
11080
9282
8439
12622
14709
12603
6587
11598
10925
13313
8437
18314
8284
15716
14835
4475
5213
17857
6872
6364
10640
741
8951
8119
14715
3272
17852
16284
13663
14882
7988
1539
3528
3663
1125
12964
4102
12342
5477
17584
4309
17955
17086
8748
13601
1822
2629
10856
17765
9383
15599
15025
7100
4834
13
2854
4136
18403
6293
17595
8792
2511
7269
13292
11210
5682
5688
16144
1660
1040
16407
8338
4212
4781
9962
7819
11178
1207
5998
13672
18171
15779
12086
13603
5625
16651
10598
8874
7107
3201
2503
18136
15245
3885
7557
14385
3570
3236
5830
15098
2870
3863
14011
10965
18197
7145
16391
9932
4038
1244
4996
2944
1992
12660
1506
3718
6199
5980
4180
1676
14796
3379
16557
12255
10251
7771
14672
3682
14146
1553
16024
13161
14176
16475
1925
3461
15930
16917
8004
8593
4737
13125
10747
12345
5500
11267
10820
16426
6071
9640
12854
5384
4477
7256
88
3680
13850
3500
2350
1523
7833
7594
8703
1783
9329
4230
17796
7346
10702
9956
3042
9084
10775
5877
7733
13667
13239
8382
7928
4813
15917
423
9373
3200
16099
4697
8704
6372
7025
5496
729
16282
4105
12406
3873
733
13892
13753
8278
14113
2410
14712
12400
7773
7272
10998
1463
6821
16304
1990
14416
15763
17196
3395
14562
17263
11441
2837
14194
12331
16642
11806
17010
17790
538
4519
16354
13726
16116
18462
12011
6019
15484
2409
15325
11760
10016
7578
12184
13610
9356
12640
2558
1003
91
8377
10759
2873
9777
6448
9365
13927
1495
10139
16828
17780
10882
2518
16965
17658
137
705
2127
9088
8973
18383
15347
17789
4970
5464
8262
11679
18286
9463
7279
4858
8092
6591
1360
11596
11645
18427
2482
1069
12304
13492
17108
1947
3150
16442
9199
12730
4817
11497
11801
5327
17726
1671
6888
8879
4648
7128
13436
4328
10840
10272
15643
4531
5417
1104
1145
15586
3593
5043
18448
13422
13722
11672
13089
2670
8530
637
12768
3107
5827
8869
870
947
7385
10884
14691
2036
14932
6262
3319
9318
15111
517
12268
3875
9609
13550
9882
9243
815
401
8762
14688
5749
15145
4107
8604
15977
2592
3790
13473
7836
14515
2566
4028
1044
13442
4181
15348
10749
14557
11971
3098
11832
14074
5247
16137
11830
9226
6213
6026
1492
7675
9430
2134
18385
910
1224
12118
5945
12438
11857
13156
2308
13834
10517
5710
7616
6208
17288
18249
12860
1604
2900
7418
4502
1820
49
953
7522
7337
4264
1262
15744
17718
1967
2869
10578
3436
10871
9598
17536
12969
7103
9974
174
709
5042
6031
4643
5592
5863
16563
8454
3071
15418
14937
13668
8207
4269
1209
4581
3859
18279
12101
10901
9433
4945
6795
17603
10118
10287
18456
5253
1922
1728
13979
8934
16727
4572
11446
13871
13060
4911
13220
6552
11681
7575
17267
4543
4731
4871
2383
8070
10642
12296
8849
878
13154
914
15139
16395
17569
1382
4860
14455
3221
8919
16506
14459
444
6028
8436
9783
15392
14181
864
13949
17643
7147
6374
8924
14319
11135
16457
5702
104
4017
1575
3982
11713
10254
10996
13328
7263
13944
10449
5081
9658
2643
18386
6193
8863
14397
958
5243
6598
2390
10333
10687
4746
559
5176
4259
14041
7848
5842
4987
5184
15501
11699
16
3180
3563
5196
10336
9309
17498
10691
15432
2739
17406
11091
5547
10900
17381
1135
14992
2067
6902
2119
5416
8850
4466
8768
7990
508
8963
13186
17802
15596
6014
5560
4728
4194
15040
5130
8400
10697
16742
3470
5039
16621
3479
16716
5075
10131
9127
3915
3754
6109
14164
14489
7422
7639
965
14065
5276
2607
11933
12109
8128
11591
7037
11956
7330
3376
2978
12183
4935
15427
13508
18086
17056
9776
9858
8401
5579
5691
8571
6720
500
1308
4711
16471
15147
1265
1901
16104
5856
10717
8276
14829
4119
4587
4256
7243
5735
5456
14555
12776
4999
2878
3902
2798
6027
17809
8901
937
17583
6835
13126
360
15577
3459
17632
12150
10956
2988
17774
674
1333
17653
5585
17144
15525
9491
9421
16585
10197
1364
9895
7974
16076
7581
17203
1767
10419
11037
12785
13279
13480
11313
15960
5073
18281
13013
17831
8298
6856
5814
14649
12219
17531
1979
12351
10633
16498
5961
10673
1989
15638
16533
6700
13713
10707
11423
9989
12452
5631
16326
9479
7115
14027
4375
12470
15896
15597
13453
17116
4830
8112
6532
5665
13207
808
3084
14743
1972
2651
10064
13494
1033
9923
393
14096
14185
1014
638
16309
16425
13093
8237
9933
2653
5965
12932
2447
10543
11207
6636
13228
17427
12139
14238
10373
12836
8917
10414
13555
11948
2080
9734
8744
12477
7411
1905
17281
14931
17657
13931
477
4759
7494
9377
382
16636
12078
14402
17153
6080
17297
762
1759
2536
309
10127
3957
9735
13894
18395
12198
14891
10801
18060
9385
11696
8796
8161
11744
15851
218
14149
15579
4506
11739
10860
2980
10773
1281
10005
12633
15939
1249
11867
11242
8956
6246
12399
8034
8213
14805
10889
12644
6771
15717
8994
12143
493
10606
9565
18338
8961
8936
487
12955
17764
3913
17334
9467
6286
17044
4625
16440
13379
3266
15101
16035
8533
6583
17328
7555
10813
4910
16473
362
12426
2283
17307
13534
15860
12322
4838
455
1088
17628
13150
3049
15543
16026
17106
13139
7684
15439
15889
5642
16857
15797
5860
17566
7004
10646
9543
7283
11842
11479
17353
2717
17095
3882
11637
10694
5001
9937
1220
2602
1685
5890
2101
9524
3096
8381
11082
11995
2264
8405
16389
12592
9853
13352
282
6404
3659
15167
8824
5659
5815
11437
1821
9803
4564
4869
7274
4137
10172
17829
1934
2659
3498
2902
2569
4654
17393
10706
17511
4687
11947
6343
15071
15074
7622
3421
18172
17319
13151
5918
854
14408
11163
16905
11654
1384
17008
14956
14542
8317
4937
13305
1415
5756
7759
10342
17286
18401
15951
5082
15314
4420
16790
5414
5231
4110
3727
17594
16718
6920
521
12908
3502
17193
11308
16741
7087
6084
8928
1719
15852
13322
8427
3541
13599
14682
12759
9833
5970
11347
12205
15959
14774
6244
5883
11307
5718
2563
5222
15028
1713
813
9254
7637
11543
2669
12093
8671
4561
12326
15657
12226
3140
2545
17043
4680
12346
11526
1855
5468
772
9126
14245
2757
6469
4623
8353
10764
11907
3445
17950
12655
4261
1026
16371
7519
9585
3629
10042
9163
4815
8470
14053
9852
9314
15228
629
5876
12313
18144
2863
13387
4504
9336
2599
16338
4087
9100
10988
11943
5140
5328
7899
3157
5513
8764
12307
18167
10582
5801
3204
15992
5695
14612
12722
7306
9276
5047
14604
12250
3887
3724
951
16438
4593
12054
6057
7812
9063
15854
9207
1314
6941
10468
5790
11299
3837
18388
15180
9196
5643
11236
12390
6569
13443
7731
12061
12917
11
6206
7049
11137
12734
1353
10478
13527
8745
13681
15539
6531
10609
9864
551
15214
8820
4145
11953
14239
7062
9007
11269
11580
7584
1295
14221
16771
11203
11239
644
15910
16185
10885
13261
17214
4086
10162
2293
14790
14516
16190
3506
10507
1330
566
18453
9737
8204
10387
2997
7567
2730
9618
11064
4068
9664
8538
16682
18048
10518
5316
8813
12993
12464
3108
12187
4154
6999
3438
1804
11271
10873
7373
15107
4246
5189
4155
13440
10939
11975
17126
4929
13350
15339
6530
15209
1904
9179
13377
888
8059
11304
6568
4633
8782
14854
13211
17513
13618
14029
9353
2756
12613
16894
16481
7255
9976
7130
15090
403
14191
18333
2302
13646
26
12614
3080
10665
5657
9354
11768
14739
16814
5166
14501
13655
11160
3248
16545
18110
12555
778
14947
17841
17407
6630
8211
8553
2236
15593
7804
14405
727
11143
13771
17689
3836
15529
18106
10586
18411
7122
2276
2371
11714
9917
6226
750
6096
4417
2389
6147
11542
1264
8802
5583
313
15041
10499
14913
10703
7063
12503
2484
798
1773
17374
12085
8030
5041
16011
4679
2260
15738
14174
12201
17942
9558
12376
14500
12560
8776
1225
2661
5404
15758
13796
338
918
13730
9879
17619
16977
12397
9164
13702
11173
11057
6912
5376
11878
14087
18087
6255
9138
5595
11496
14568
3380
7617
15235
6460
6859
16109
6893
4738
1311
11054
5310
2851
7799
12523
9420
9927
16417
13712
957
3275
18358
8949
1840
342
12336
9054
11086
9122
13298
10672
2182
828
4989
4162
18450
9415
14439
9459
16698
6471
12019
10183
1531
14488
1983
13021
18080
5251
5180
7099
6680
11220
10476
13981
12379
17182
9526
5721
1386
3404
13925
4165
13087
15035
1717
961
15114
6012
9562
12056
8763
3352
16855
12454
15414
771
7169
136
1405
1370
11593
8433
4118
13471
3635
10861
17337
10150
9714
10305
7893
18068
17528
3508
12129
12965
6593
579
12869
4000
14817
17093
12411
4591
5576
7401
16661
18001
14858
6892
8685
3619
3324
2684
15712
3814
98
17814
16961
12983
191
33
14421
8513
1070
17418
1092
14463
2780
3910
14425
13638
12581
1954
1072
6003
18257
15880
535
5796
12084
11883
11600
10795
11894
5353
17002
14615
11932
3600
15523
7251
5148
2465
17094
4973
2399
11626
12569
1064
15076
7738
9213
6419
13404
1741
1101
2334
17894
10927
16022
256
3187
14905
18299
14362
10265
8123
17417
6739
15133
2420
18140
13813
16615
9919
12987
14030
3591
1559
1772
2647
10948
10152
4072
11640
11726
6812
7671
18445
13523
13338
5485
9285
12216
16931
16884
2279
15952
2489
12791
15991
10698
16311
8189
11279
1643
6102
8791
3793
5772
17024
13090
1190
15558
8920
10196
12520
14606
11414
16181
17080
4747
16188
17922
10785
4385
6623
10973
5620
4026
15143
2143
4686
934
15213
17178
17881
15293
5020
9135
1351
4003
11582
1147
7588
13405
9271
16419
14608
5158
8124
7034
5289
13348
16302
9055
11056
16912
8821
2441
10067
16991
14587
1872
7113
7479
7719
4762
9037
2280
11621
11899
11731
496
7365
15623
16499
11447
12262
2403
12990
8896
16755
18464
12468
10664
11474
15103
12947
12879
17995
9503
18178
5331
6122
5638
10249
14446
17604
1638
13284
14451
10557
9592
3580
4321
1493
12133
14040
10158
7914
4771
2022
15485
2965
2588
7630
9781
3207
4046
11938
5868
13444
5984
446
5357
11201
7885
8235
5832
949
7296
13794
11738
5301
876
16973
15116
11970
17547
18287
14155
9909
9280
11969
10399
11285
13235
15459
6387
12750
6662
16747
16287
10819
7383
16456
14841
5666
16140
12959
1286
16817
10732
15976
7371
10530
8596
17708
2792
16734
14876
15987
14837
416
3251
1012
834
17038
12627
16208
16909
15954
6681
7345
2802
18009
3681
1677
4710
15692
7849
5159
16966
10181
14332
6666
15268
1650
17911
14742
16444
1393
11722
14613
3422
1715
8396
14453
2251
12708
11206
9763
15254
2695
3165
13719
10128
2764
2760
3605
216
5125
15223
14943
5818
7963
16779
14890
2972
3316
8246
16599
12419
2579
11715
943
7304
18011
5424
3458
5219
6817
2135
5514
10844
16349
6029
10794
17455
2883
14535
10513
7977
6211
13887
14358
6163
5450
227
8964
1649
2070
14824
18078
2131
3075
14676
11989
12679
12217
17239
12683
11561
17425
10954
18071
17853
7499
4339
2027
4149
13513
10608
1664
11816
1714
8009
14988
1317
4688
16513
15696
2120
3411
2046
15810
8878
1071
4635
1426
16896
6754
18054
4036
11579
197
16612
38
2055
16890
15356
13510
17131
10214
17872
18013
13391
2198
1975
891
10848
3922
3686
2646
18216
2433
6425
11416
3858
70
17245
6924
6711
395
18067
3991
16862
15072
12512
234
18191
14970
13554
11048
15308
11259
17672
4933
351
1470
2736
3220
9407
7059
14212
10972
17530
6601
9571
17701
11403
62
6801
16990
8946
699
5121
6410
17733
16763
17430
920
4589
9436
6883
13434
9522
16083
1056
15224
404
17331
12035
13762
14278
3823
14747
17031
5086
6408
8691
1270
13677
15234
8073
1453
14263
1248
5280
15128
3054
18063
1031
15903
16618
13394
2884
13219
8493
10574
10838
15006
17906
437
4117
353
15156
8927
1427
12422
8309
1777
15197
1570
10981
12812
608
7685
18297
15589
11662
11223
16697
2817
2790
15934
9815
15091
6437
12817
9700
11244
7003
1823
14665
5009
7987
7184
11419
12949
10523
16647
16841
18366
4276
3674
2996
858
18246
5603
7854
10063
6643
16166
11620
13088
15855
10512
17688
539
3294
5369
1605
2278
16922
13831
18116
10877
7132
9114
10594
16270
10363
13714
9947
14306
13474
13109
10961
11536
10842
16321
8601
4229
15037
1924
1652
4182
18331
12430
17213
17135
9930
9142
15021
7591
7553
9633
11642
13187
7508
12671
10186
7562
18020
7106
4091
12338
10493
765
8175
8687
12248
145
10781
3726
10752
5931
10240
15807
14977
1957
12355
7823
15346
7275
997
16182
5484
7005
11051
14961
7528
14770
15012
4926
7334
12277
4963
16289
12124
4292
12717
956
17404
13332
6001
2893
3505
10535
9485
11803
6903
3728
1347
4696
2142
3808
3009
8178
10943
2616
1665
13833
187
2201
9542
16162
17169
15519
5978
10216
12801
17186
4078
8952
16126
2522
992
3463
1060
17028
12324
1048
6770
6825
3662
7699
16115
14338
17111
16077
5399
11021
10233
11251
18430
11972
7159
8358
9264
2721
5848
11522
7762
15713
3874
548
8224
16081
3899
7610
14736
3627
8329
9509
648
9396
4940
6177
13464
6124
7402
1296
5607
18119
5209
16638
7474
4461
1309
15036
3959
4148
11504
2374
11257
12157
5853
8959
9143
1515
13344
14042
10709
848
11742
13898
2622
16721
749
7843
2110
1842
1313
11431
14799
4765
17423
16054
5948
8152
2849
8391
17137
8689
11829
1644
15492
3745
1584
7072
10440
11314
2496
5443
10031
1896
15024
10148
9003
9799
16064
15092
13020
5751
13425
13097
4843
17200
4968
4608
4300
16408
2933
7975
10144
15533
13654
15660
11955
17635
9437
8139
13881
8591
10365
13133
14491
15698
4034
7912
12433
11472
9595
3408
17760
68
14110
13118
7392
8610
10657
203
10854
16592
11238
1790
17535
11740
9940
2295
16882
11538
15568
5419
1560
14983
4361
3783
15176
17199
4982
4634
13435
13392
7056
5134
8142
18185
2640
4790
14223
5153
4958
17825
4993
8556
14605
17152
10104
7216
17873
17917
15298
12210
8639
12272
12434
1127
4216
10114
4719
1686
10462
43
4690
1404
1277
3304
11155
9790
14442
16065
6791
17242
7316
512
16590
3252
73
5951
16001
3755
17294
3573
4772
7211
4922
8511
7604
12079
10625
11020
13890
12413
11421
7919
10073
1499
7586
9928
9862
371
2917
2402
16273
13789
4742
1451
6762
14311
7734
13416
10677
6936
13485
12855
16530
939
17627
11992
14600
13032
14537
8816
11769
1585
8996
8650
11088
10821
5239
11934
8880
6550
12953
11338
5676
12807
3715
16667
16145
6170
16100
8853
6403
13828
8759
624
16848
14666
4803
8253
1118
4763
12443
6007
11065
2786
1615
8666
3223
11967
12393
16904
758
5386
12202
5783
9277
7391
5806
16731
2076
13586
7210
2567
3949
5664
12414
6529
4347
2233
13856
11604
6259
18004
15249
6342
15361
2220
15610
12505
7690
7160
3378
463
3006
16123
10735
15708
7930
3533
16037
14895
6843
3029
8777
13081
10712
15821
5917
8072
1055
2242
1331
16108
3854
2337
3973
14921
2325
2367
11815
11358
15059
16895
1480
4376
4183
9173
12448
1883
15099
15969
5362
16997
17675
15570
1400
16244
11105
10644
4412
17302
10391
4226
7022
2030
10990
2831
11078
8477
7417
12083
268
9134
17992
6340
17606
10278
10486
16974
17163
8566
238
3976
7086
13740
11858
11758
4486
14847
13470
2333
15820
5473
8395
14088
1927
18059
3193
16004
7629
5715
596
9011
12114
17411
411
15351
1695
4713
2275
10776
10807
2540
10597
4030
13294
16002
10604
13147
1269
6588
7351
7381
12606
18193
17284
11264
15635
3720
15318
13756
6766
1810
16168
2352
675
9642
10800
2955
10527
9516
4157
6687
2827
2092
6956
17645
5010
13082
15417
11205
12282
7237
3995
18056
11657
5395
10102
8707
14601
12700
13361
17923
4791
3831
11743
13450
881
9400
17621
4796
6463
17184
6972
10551
10570
9667
15615
4584
14818
7850
4799
16829
585
7857
17826
15408
10989
7273
18446
894
3418
3313
8109
13035
5198
15155
8117
13225
1175
2387
7426
17898
16993
9078
381
6743
14497
15678
15225
12706
14633
7805
8223
5831
7416
1620
10576
17835
16049
15890
3077
1423
15466
5813
17519
1051
14559
12735
4240
9275
7725
7077
396
10451
8270
2461
10913
8587
4570
15630
13384
3911
7396
11756
16809
4565
14154
3490
3985
3068
15764
6339
10562
13733
7260
13934
15150
16806
1632
16542
12871
12147
13648
3772
12654
11417
3499
3977
8848
16749
5254
469
13922
3410
10205
17858
14806
2916
18292
12661
4344
2273
11134
15057
12335
12745
890
6159
3374
12889
16509
1720
1235
15536
12939
4820
13047
10695
5060
1869
8918
3270
6454
15416
5264
17596
16183
11202
18194
1762
1193
15895
607
14809
3697
1940
9047
15404
10173
970
131
4607
13929
17757
9926
4464
18273
7133
5466
2931
3073
14187
240
12151
8705
9512
6806
14662
17673
6997
3785
11839
2050
8597
12064
14851
6976
7889
143
1915
2057
6603
6620
12642
3547
1038
1637
3134
15899
5792
13167
2299
11484
13935
14482
587
5172
5561
7176
580
17053
767
5896
3748
10452
14182
502
10416
17018
5391
6502
10485
6308
9090
17050
5946
11004
16262
14133
14658
12013
9935
5754
14009
13629
2343
17442
7327
1621
6073
11490
10918
7606
12482
8129
5722
16464
2578
14359
12356
13359
8349
18005
3869
10536
7435
9401
3240
2265
9212
13987
5128
3698
18268
5046
17518
4518
4622
8809
11129
8183
1300
16089
7619
16005
2783
15022
9350
11077
1444
18255
1454
10147
15517
9822
9540
1826
13778
9101
1359
10898
9146
11323
6289
16263
15002
15226
11624
999
5498
1662
16675
17446
17601
5864
5102
3998
18036
15475
15352
17310
18348
11300
4943
17190
11667
16792
715
14888
9211
17421
241
777
8753
14800
8749
9701
18208
17274
8502
224
9740
17729
7488
15281
16583
11532
11390
4824
543
7431
2582
13072
3958
7354
3192
5574
4222
537
10318
2549
17260
4990
13472
4672
3384
10641
2190
4244
4116
9394
28
12154
